207
207
5062
10
4783
4683
5018
4952
5404
5272
4846
4735
4910
4804
4496
4904
4805
4983
4873
4754
4691
4810
4684
4944
4866
4792
4675
4654
4420
4209
5341
4446
4446
4352
4494
4398
1
4614
4529
5249
5135
4862
4746
4982
4893
5452
5334
5358
2
4380
4289
5001
4907
4295
3950
3851
66
4351
5
4483
1219
1172
332
477
374
316
447
340
290
290
399
293
156
574
574
713
1257
1083
1083
446
551
671
1283
1198
1228
1080
690
1105
906
914
778
778
640
990
1371
1177
1662
1440
706
904
626
626
1193
938
783
1084
926
586
1002
877
877
1204
1152
531
806
697
1337
1211
1069
1217
1095
836
1261
1162
860
1318
1429
1116
2
719
1019
789
945
1482
1246
1246
577
786
589
904
747
1044
907
1089
1128
1456
1213
1036
903
903
1199
1007
1354
1189
1240
1409
1579
1332
1321
1093
1093
1286
1011
1103
921
1136
1019
865
1342
1149
1396
1185
1814
875
1349
1124
