153
312
470
627
785
943
1102
1261
1419
1577
1734
2027
2177
2334
2492
2650
2809
2968
3126
3284
3441
3734
3884
4041
4199
4357
4516
4675
4833
4991
5148
5441
5591
5748
5906
6064
6223
6382
6540
6698
6855
7148
7298
7455
7613
7771
7930
8089
8247
8405
8562
8855
9005
9162
9320
9478
9637
9796
9954
10112
10269
10562
10712
10869
11027
11185
11344
11503
11661
11819
11976
12269
12419
12576
12734
12892
13051
13210
13368
13526
13683
13976
14126
14283
14441
14599
14758
14917
15075
15233
15390
15683
15833
15990
16148
16306
16465
16624
16782
16940
17097
17390
17540
17697
17855
18013
18172
18331
18489
18647
18803
18961
19118
20207
20374
20842
27390
28647
29412
29739
30049
30366
30683
