5062
4783
5018
5404
4846
4910
4496
4904
4983
4754
5820
4697
5027
5375
4814
4891
4496
4901
4978
4759
5820
4676
5030
5409
4831
4877
4505
4930
4982
4748
5813
4683
5010
5396
4804
4908
4495
4905
4993
4741
5817
4693
4999
5394
4825
4907
4504
4934
5008
4748
5810
4679
5018
5389
4813
4884
4496
4958
5012
4750
5818
4709
5018
5390
4806
4881
4506
4925
4985
4741
5820
4675
5025
5367
4835
4903
4499
4913
4985
4742
5826
4679
5009
5371
4853
4892
4493
4933
5001
4755
5799
4655
5029
5387
4835
4916
4520
4936
5004
4746
5813
4647
5026
5397
4833
4892
4533
4925
4980
4751
4790
4941
4787
4600
5136
5453
4669
4747
4457
5329
4470
5250
4953
