245
253
398
406
551
559
706
714
858
866
1011
1019
1162
1288
1446
1454
1600
1609
1753
1762
1907
1914
2057
2065
2207
2216
2358
3394
3560
3705
3714
3857
3866
4008
4017
4162
4171
4313
4313
4463
4472
4617
6572
6728
11099
11261
11269
11413
11422
11566
11574
11716
11724
11865
11874
12018
12026
12169
14879
15021
15030
15172
15180
15323
18446
18588
18895
19036
19044
19186
19194
19335
19342
19481
19490
19629
19638
19777
31209
31375
31519
31528
31670
31679
31821
31829
31970
31979
32119
32128
32271
32279
32420
34485
34652
34795
34804
34945
34953
35097
35106
35246
35255
35397
35405
35548
35556
35698
41999
42288
42298
42437
42447
42587
44064
44222
44230
44375
44384
44529
44538
44681
44689
44832
44840
44985
49336
49496
49505
49650
49658
49800
49809
49952
49961
50103
50112
50256
50264
50408
55379
55379
55547
59056
59219
59227
59375
59384
59529
60734
60896
60905
61052
61061
61206
61215
61360
61369
61513
61522
61667
61676
61820
61950
62111
62120
62120
62278
62425
62434
62579
62587
62734
62743
62888
62897
63040
80374
80533
80542
80691
80699
80846
80855
81002
81011
81156
81165
81311
81320
81465
82365
82524
82809
82969
82978
83126
83135
83282
86488
86656
86804
86812
86961
86969
87113
87122
87267
87276
87421
87430
87575
87584
87730
90947
91116
91265
91274
91420
91429
91576
91585
91731
91740
91885
91894
92041
92050
92196
97742
97902
97911
98060
98068
98214
98223
98372
98380
98527
98536
98680
98689
98836
