2932
2915
2958
2917
2694
2678
3153
3115
3294
3272
2947
2924
3378
3844
3624
3610
3467
3428
3167
3166
3640
3755
3252
3288
4964
4949
6820
6242
6090
7419
7387
6327
6303
5741
5724
6798
6780
6462
6462
5013
5014
7110
7394
5231
3726
3584
3573
2692
2700
2802
2779
3353
3335
2826
2808
3440
3402
3725
818
1581
1557
1694
1710
2274
737
1044
685
1322
1282
1000
1007
2228
2210
1908
1906
2014
2024
2382
4972
4968
5800
5762
4400
4410
4498
4476
4649
4643
3891
3888
3531
3509
3091
4583
5523
5426
5403
4426
4364
5460
5441
5518
5491
4859
4832
6056
6057
6301
1217
2055
2045
3260
3229
2776
5900
3991
3974
2681
2650
2097
2083
2604
2616
2009
2007
2000
5383
7112
7089
4651
4635
5045
5023
5673
5655
4383
4359
5208
5199
5485
8088
8088
7014
6136
8040
8053
10237
10266
6073
6724
8015
8031
6657
6653
6306
6272
7874
7849
7235
7225
6208
6205
8283
8413
6632
6645
6645
7846
8117
8100
5661
5633
7122
7084
7441
7425
5417
8017
7318
7308
6074
6074
8164
8114
7109
7066
5907
5884
7539
7519
8492
7066
8627
7503
8779
8794
6637
6652
7268
7491
8372
5800
5787
7912
7872
7296
7262
5310
5286
6805
6800
6372
6332
5676
5712
7864
6124
6149
5542
5515
7210
7182
7721
7703
5666
5618
7227
7215
7348
6014
7465
7461
7767
7762
5835
5814
7219
7183
7693
7674
5583
5561
7344
