0
0
0
0
0
0
0
1
1
3
4
6
7
9
11
12
13
13
14
19
32
58
95
131
159
175
182
182
182
183
185
188
191
194
197
201
204
206
207
207
206
205
204
203
201
200
199
199
198
194
180
154
118
82
54
38
31
30
30
30
27
25
22
19
15
12
9
6
4
3
2
1
1
1
1
1
0
0
0
0
0
0
0
0
0
0
0
0
0
0
0
0
1
1
1
1
2
2
2
2
3
3
3
3
4
4
4
4
4
4
4
5
5
6
7
9
13
19
29
44
64
90
120
152
181
205
221
226
226
237
290
422
674
1055
1543
2081
2569
2916
3088
3124
3126
3202
3410
3736
4102
4440
4707
4888
4994
5047
5062
5055
5034
5005
4975
4951
4935
4932
4936
4933
4889
4767
4523
4148
3665
3130
2644
2299
2127
2091
2089
2012
1804
1478
1110
771
503
318
203
137
101
82
74
71
70
70
70
68
63
55
46
36
28
22
17
14
12
11
10
9
9
9
9
10
10
9
8
6
5
5
5
5
6
6
6
6
6
6
7
7
7
7
7
7
7
7
7
7
7
7
7
7
7
7
7
6
6
5
5
4
3
3
3
3
3
3
2
2
2
2
3
3
3
4
4
4
4
4
4
4
4
4
4
4
4
4
4
4
5
6
6
7
8
9
12
17
24
36
53
75
101
130
160
186
206
216
217
220
252
349
552
885
1333
1846
2342
2738
2973
3056
3060
3082
3201
3436
3742
4061
4328
4526
4660
4738
4773
4783
4774
4752
4724
4698
4678
4671
4677
4683
4662
4575
4382
4056
3613
3103
2609
2215
1980
1897
1893
1871
1751
1515
1208
888
618
416
275
185
132
100
83
76
75
75
75
71
65
55
44
34
24
17
13
10
8
8
7
7
7
7
7
7
7
7
7
7
7
7
6
6
5
5
4
4
4
4
4
4
4
4
4
3
3
3
3
2
2
2
2
1
1
1
1
1
1
1
1
1
1
1
1
1
1
1
2
2
2
2
2
2
2
2
2
2
2
3
4
4
5
5
5
5
5
6
6
8
9
11
13
15
17
19
23
30
40
55
76
100
128
156
182
203
214
217
217
239
318
495
795
1213
1709
2214
2639
2921
3040
3057
3063
3152
3364
3675
4027
4351
4611
4797
4918
4987
5017
5018
5000
4974
4948
4930
4927
4937
4952
4947
4882
4716
4424
4013
3520
3018
2594
2312
2193
2175
2166
2076
1863
1549
1196
869
605
413
281
197
147
121
111
110
109
106
98
84
68
50
36
24
15
9
5
3
2
1
1
1
2
2
2
3
3
3
3
3
3
3
3
3
3
3
3
3
3
4
4
4
4
4
4
4
4
4
3
3
3
3
2
2
2
1
1
1
1
1
1
1
1
1
1
0
0
0
0
0
0
0
0
1
1
1
2
3
3
3
4
4
4
4
4
4
4
4
4
5
6
6
8
9
10
13
18
25
37
53
76
102
132
163
193
217
231
233
234
256
339
522
842
1290
1828
2374
2838
3145
3281
3302
3310
3414
3665
4031
4433
4798
5075
5255
5355
5398
5404
5388
5362
5330
5300
5276
5264
5266
5272
5257
5182
5007
4693
4250
3715
3171
2708
2402
2266
2245
2236
2131
1879
1512
1108
741
459
271
159
100
73
62
59
58
58
57
55
50
44
36
28
21
14
9
6
4
3
2
2
2
2
2
2
2
2
3
3
3
3
3
3
3
3
3
3
3
3
3
3
3
3
3
2
2
2
2
2
2
2
2
1
1
1
1
1
1
1
1
0
0
0
0
0
0
0
0
0
0
0
0
0
1
1
1
2
2
3
3
3
3
3
3
3
3
3
4
4
4
5
6
7
8
11
15
21
32
47
68
94
124
155
187
215
233
240
240
249
300
432
678
1046
1510
2006
2470
2810
2997
3050
3050
3090
3239
3496
3815
4132
4404
4606
4736
4811
4844
4846
4829
4802
4770
4742
4725
4723
4733
4735
4697
4576
4340
3979
3519
3026
2564
2226
2039
1986
1986
1945
1796
1538
1218
897
621
413
272
182
129
101
88
83
82
82
80
74
65
53
41
29
19
13
8
4
2
1
0
0
0
0
0
0
0
0
0
0
1
1
1
1
1
1
1
1
1
1
2
2
2
2
2
2
2
2
2
2
2
2
2
2
2
2
2
2
1
1
1
1
1
1
1
1
1
1
1
1
1
1
1
1
2
2
2
2
3
3
3
4
4
4
4
4
4
4
4
4
4
5
5
6
6
7
9
13
20
30
44
65
89
117
144
170
191
202
204
205
226
299
462
744
1155
1651
2155
2588
2870
2994
3010
3021
3121
3350
3676
4035
4353
4596
4757
4852
4899
4910
4901
4877
4850
4824
4804
4795
4798
4804
4793
4729
4576
4301
3896
3403
2901
2470
2189
2065
2050
2039
1938
1709
1382
1021
701
455
287
182
121
89
74
69
69
69
68
65
60
52
43
33
24
16
11
8
5
3
2
2
2
2
2
2
2
2
2
3
3
3
3
3
2
2
2
2
2
2
2
2
2
2
2
2
2
2
2
2
2
1
1
1
1
1
1
1
1
1
0
0
1
1
1
1
1
1
1
1
1
1
2
2
2
2
3
3
4
5
5
6
6
6
6
6
6
6
6
6
6
7
8
9
10
11
13
15
18
23
31
44
62
84
108
134
157
176
186
188
188
201
257
389
629
990
1438
1918
2337
2625
2757
2778
2782
2861
3063
3362
3694
3993
4219
4369
4450
4487
4496
4485
4466
4441
4417
4398
4388
4387
4391
4384
4336
4214
3981
3627
3184
2707
2291
2004
1873
1851
1846
1766
1564
1263
930
629
399
245
155
105
79
67
62
61
61
61
60
59
55
48
40
30
22
15
10
7
5
4
3
3
3
3
3
4
4
5
5
6
6
6
6
6
5
5
5
5
5
6
6
6
6
6
7
7
7
7
7
7
7
7
7
7
7
6
6
5
5
4
4
4
4
4
4
4
3
3
3
3
3
3
3
3
4
4
4
5
5
5
5
5
4
4
4
4
5
5
5
6
6
7
7
8
9
11
15
22
31
46
65
89
117
148
179
207
224
230
230
243
307
461
737
1133
1621
2125
2566
2879
3033
3069
3069
3125
3292
3562
3881
4192
4458
4654
4786
4861
4898
4904
4889
4860
4828
4801
4789
4792
4804
4805
4755
4613
4347
3958
3475
2973
2534
2221
2068
2032
2031
1975
1807
1537
1217
903
633
431
290
200
144
114
101
98
98
96
92
82
70
55
41
29
19
12
7
4
3
2
1
1
1
1
2
2
2
2
2
2
2
2
2
2
2
2
2
2
2
3
3
3
3
3
3
3
3
3
3
3
3
2
2
2
2
2
2
2
2
1
1
1
1
1
1
1
1
1
1
1
1
2
2
3
4
4
4
5
5
5
5
5
5
5
5
5
4
4
4
4
5
5
6
7
9
11
14
18
23
33
47
66
89
115
142
168
188
200
202
204
226
303
476
770
1188
1684
2197
2623
2899
3014
3026
3042
3161
3418
3770
4142
4466
4709
4862
4946
4979
4983
4967
4943
4915
4889
4869
4861
4866
4873
4861
4795
4633
4348
3938
3447
2939
2515
2240
2124
2112
2096
1976
1718
1365
991
664
418
260
166
119
96
88
86
86
86
85
81
74
66
55
44
34
24
17
11
7
5
4
4
4
4
5
5
5
5
5
5
5
4
4
4
3
3
3
4
4
4
4
4
4
4
4
4
4
4
4
4
4
3
3
3
3
3
2
2
2
1
1
1
1
1
1
1
1
1
0
0
0
0
0
0
1
1
1
1
2
2
3
3
3
3
3
3
3
3
4
4
5
5
6
7
8
11
15
21
29
41
57
78
102
128
154
176
191
195
195
206
262
403
655
1029
1493
1990
2430
2743
2897
2931
2932
2996
3173
3448
3767
4071
4320
4501
4625
4703
4743
4754
4743
4721
4695
4674
4665
4671
4685
4691
4653
4527
4285
3918
3458
2964
2525
2212
2058
2024
2022
1958
1780
1504
1184
877
625
437
305
215
159
127
114
110
110
109
103
93
78
60
43
28
17
10
6
3
2
2
1
1
1
1
1
2
2
2
3
3
3
3
3
3
3
3
4
4
5
5
5
5
5
5
5
5
5
5
5
5
5
5
5
5
5
4
4
4
3
3
3
2
2
2
2
2
1
1
1
0
0
0
1
1
2
2
2
2
2
2
2
2
2
2
2
3
3
3
3
3
3
3
4
4
5
8
13
21
35
52
76
104
134
163
189
208
216
217
221
258
362
570
903
1352
1856
2336
2703
2906
2965
2965
3010
3173
3455
3801
4140
4413
4611
4731
4791
4810
4802
4780
4752
4722
4696
4679
4674
4680
4684
4658
4565
4365
4038
3595
3095
2618
2252
2049
1991
1991
1945
1782
1500
1153
813
537
334
206
133
96
80
74
72
72
72
70
66
60
51
40
30
21
15
9
5
3
2
1
1
1
1
1
2
2
2
3
3
3
3
3
3
3
3
3
3
3
3
3
3
3
4
4
3
3
3
3
3
3
3
3
2
2
2
2
1
1
1
1
1
1
1
1
1
1
1
1
1
1
1
1
1
1
1
2
2
3
3
3
3
3
3
3
3
4
4
5
6
7
7
8
9
11
13
17
23
34
48
69
93
121
149
173
190
198
197
204
250
373
603
956
1413
1917
2389
2749
2951
3015
3016
3049
3189
3446
3772
4104
4396
4622
4779
4876
4929
4944
4935
4910
4882
4859
4847
4848
4860
4866
4833
4719
4498
4150
3698
3196
2726
2366
2164
2100
2099
2064
1924
1665
1339
1005
711
481
318
210
143
107
92
89
89
87
82
73
61
48
36
25
17
11
8
5
4
3
2
2
2
3
3
3
4
4
4
4
4
3
3
3
3
3
3
3
3
4
4
3
3
3
3
3
3
3
3
3
2
2
2
2
2
1
1
1
1
1
1
1
1
1
1
1
1
0
0
0
0
0
0
0
1
1
1
1
2
2
3
3
3
3
3
3
3
3
4
4
5
5
6
7
9
11
16
24
36
53
76
104
133
163
191
212
221
222
225
259
363
576
909
1350
1846
2318
2692
2916
2996
2999
3023
3146
3386
3705
4037
4323
4537
4679
4757
4790
4792
4773
4746
4716
4688
4670
4665
4671
4675
4651
4555
4349
4021
3584
3090
2619
2245
2022
1942
1939
1915
1791
1550
1230
897
608
390
240
150
99
75
65
63
63
62
60
55
49
40
31
22
15
9
6
4
2
1
1
1
0
0
0
0
0
0
1
1
2
2
3
4
4
4
4
4
4
4
4
5
5
5
5
5
5
5
5
5
5
5
6
6
8
11
17
26
40
59
81
106
134
159
180
192
194
195
216
290
453
728
1117
1589
2069
2479
2755
2875
2893
2901
2991
3205
3512
3851
4157
4389
4537
4618
4651
4654
4640
4616
4589
4563
4542
4532
4532
4537
4523
4457
4300
4029
3643
3173
2695
2285
2009
1890
1872
1864
1773
1560
1253
913
606
371
218
128
80
58
49
47
47
47
46
45
42
36
30
23
17
13
10
8
7
6
6
5
5
6
6
6
6
6
6
5
5
4
4
4
4
4
4
4
4
4
4
4
4
4
3
3
3
2
2
2
2
2
2
2
1
1
1
1
1
1
1
1
1
1
1
1
1
1
1
0
0
0
0
0
0
0
0
0
0
0
0
0
0
0
0
0
0
0
0
0
0
0
0
0
0
0
0
0
0
0
0
0
0
0
0
0
0
0
0
0
1
1
1
2
3
4
6
9
13
20
29
43
60
81
102
123
139
148
151
151
166
222
354
589
929
1347
1788
2177
2447
2579
2603
2607
2683
2885
3198
3557
3881
4131
4295
4382
4416
4420
4407
4387
4366
4346
4330
4321
4321
4323
4313
4264
4138
3909
3573
3158
2719
2332
2063
1932
1908
1904
1827
1625
1311
951
624
372
204
110
67
49
44
44
44
43
43
42
41
37
33
26
19
14
10
7
4
3
2
1
0
0
0
0
0
0
0
0
1
1
1
1
1
1
1
1
1
1
1
1
1
1
1
1
1
1
1
1
1
1
1
1
1
1
1
1
1
0
0
0
0
0
0
0
0
0
0
0
0
0
0
0
0
0
0
0
0
0
0
0
0
0
0
0
0
0
0
0
0
0
1
1
1
1
1
2
3
4
6
11
19
31
47
66
88
112
135
152
162
164
165
184
249
390
630
970
1381
1807
2174
2415
2519
2531
2543
2644
2868
3181
3513
3800
4006
4129
4189
4209
4205
4190
4168
4143
4121
4104
4095
4095
4096
4081
4021
3886
3650
3313
2905
2482
2116
1876
1772
1761
1749
1648
1424
1110
777
489
281
153
85
53
41
37
37
37
37
37
36
34
32
28
23
17
12
9
6
4
3
2
1
1
1
1
1
1
1
1
1
1
1
1
1
1
1
1
1
1
1
1
1
1
1
1
1
1
1
1
1
1
1
1
1
1
1
1
1
0
0
0
0
0
0
0
0
0
0
0
0
0
0
0
0
0
0
0
0
0
0
0
0
1
1
1
1
1
1
1
1
2
2
3
4
5
6
8
10
14
19
27
35
45
55
64
72
76
78
78
82
104
169
301
519
820
1167
1507
1765
1906
1940
1941
2031
2325
2861
3561
4241
4744
5017
5108
5113
5108
5126
5162
5200
5234
5263
5288
5312
5331
5341
5326
5265
5133
4915
4614
4267
3927
3669
3528
3494
3492
3402
3107
2570
1869
1187
683
407
313
303
300
274
228
180
137
100
70
44
25
12
4
1
0
0
0
0
0
0
0
0
0
0
0
0
0
0
0
0
0
0
0
0
0
0
0
0
0
0
0
0
0
0
0
0
0
0
0
0
0
0
0
0
0
0
0
0
0
0
0
0
0
0
0
0
0
0
0
0
0
0
0
0
0
0
0
0
0
0
0
0
0
0
1
1
1
1
1
1
1
1
1
2
2
2
3
4
5
8
12
19
30
44
63
88
114
140
162
178
185
185
192
233
341
549
869
1279
1728
2146
2460
2632
2683
2682
2723
2872
3130
3456
3774
4041
4235
4357
4419
4446
4446
4429
4405
4379
4357
4343
4342
4350
4352
4321
4222
4021
3707
3300
2854
2438
2125
1953
1903
1903
1862
1712
1454
1127
807
537
340
212
138
97
78
71
68
68
68
65
60
52
43
33
24
16
11
7
4
2
1
1
1
1
1
1
1
1
1
1
1
1
1
1
1
1
1
2
2
2
2
2
2
2
2
2
2
2
2
2
2
2
2
2
2
2
2
2
2
2
1
1
1
1
1
1
1
1
1
0
0
0
0
0
0
1
1
1
1
1
1
2
2
2
2
2
2
2
2
3
3
4
4
5
6
8
11
16
22
32
44
60
79
101
124
144
160
168
169
172
196
275
439
708
1083
1531
1988
2369
2621
2729
2741
2752
2852
3076
3395
3740
4038
4257
4392
4462
4491
4494
4483
4463
4442
4421
4405
4397
4398
4398
4379
4305
4149
3886
3517
3073
2620
2241
1990
1882
1871
1859
1758
1534
1214
867
566
342
201
121
81
62
53
51
50
50
50
49
48
45
40
33
26
19
14
9
6
4
2
2
1
1
1
1
2
2
2
2
2
2
2
2
2
2
2
2
2
2
2
2
2
2
2
2
2
2
2
2
2
2
2
2
2
2
2
1
1
1
1
0
0
1
1
1
0
0
0
0
0
0
0
0
0
1
1
2
2
3
3
4
4
4
4
4
4
4
4
5
5
6
6
7
8
10
14
19
29
42
60
82
108
136
164
188
205
211
211
219
264
387
617
964
1412
1892
2333
2653
2826
2873
2873
2913
3058
3309
3615
3920
4175
4367
4494
4571
4606
4614
4602
4579
4551
4528
4513
4514
4525
4529
4495
4382
4161
3819
3375
2898
2458
2139
1967
1919
1919
1878
1733
1480
1173
866
608
410
274
184
130
100
86
81
81
80
77
69
58
46
34
24
15
10
6
3
1
0
0
0
0
1
1
1
2
2
3
3
4
4
4
4
4
4
4
4
4
4
4
5
5
5
5
5
5
5
5
5
5
5
4
4
4
3
3
2
2
1
1
1
1
1
1
1
1
1
1
0
0
0
0
0
0
0
0
0
0
0
1
1
1
1
2
2
2
2
2
2
2
2
3
3
4
5
7
10
14
20
31
46
66
92
122
152
180
203
217
220
221
240
316
494
801
1234
1755
2292
2749
3056
3192
3212
3220
3317
3552
3897
4277
4628
4900
5081
5186
5236
5249
5238
5213
5183
5155
5134
5124
5127
5135
5125
5059
4891
4592
4164
3647
3111
2656
2350
2214
2194
2185
2088
1853
1506
1124
771
495
307
191
127
93
78
73
73
73
71
67
60
52
42
32
22
14
9
5
3
2
1
0
0
0
0
1
1
1
1
1
1
1
1
1
1
1
1
1
1
2
2
2
2
2
2
2
2
2
2
2
2
2
2
2
2
2
1
1
1
1
1
1
1
1
0
0
0
0
0
0
0
0
0
0
0
0
0
0
0
0
0
0
0
1
1
1
1
1
1
1
1
2
3
4
5
6
8
10
14
21
30
44
61
84
108
134
159
178
187
188
191
219
309
496
803
1221
1709
2189
2578
2824
2921
2928
2947
3070
3333
3692
4065
4389
4626
4769
4839
4862
4859
4841
4817
4791
4767
4748
4741
4744
4746
4724
4641
4460
4157
3743
3257
2779
2392
2146
2049
2042
2023
1899
1635
1275
900
573
333
183
103
67
52
48
47
47
47
46
44
40
35
29
22
16
11
8
5
3
2
1
0
0
0
0
0
0
0
0
0
1
1
1
1
1
1
1
1
1
1
1
1
1
1
1
1
1
1
1
1
1
1
1
1
1
1
1
1
0
0
0
0
0
0
0
0
0
0
0
0
0
0
0
0
0
1
1
1
2
3
3
3
3
3
3
3
3
4
4
4
5
5
6
7
8
10
13
17
23
31
44
62
84
110
140
168
192
206
209
209
223
285
434
704
1100
1588
2101
2557
2877
3035
3069
3069
3130
3312
3605
3950
4280
4552
4750
4878
4948
4978
4982
4966
4939
4911
4888
4878
4883
4893
4891
4841
4702
4441
4050
3566
3055
2600
2281
2123
2089
2088
2027
1844
1549
1203
869
593
391
254
171
123
97
86
84
84
82
78
69
58
46
35
24
15
10
6
4
3
2
2
1
1
1
2
2
2
2
3
3
3
3
3
3
3
3
2
3
3
3
3
3
3
3
3
3
3
3
3
3
3
3
3
3
2
2
2
1
1
1
1
1
1
1
1
1
1
1
0
0
0
0
0
0
0
0
0
0
0
0
0
1
1
1
1
1
1
1
1
1
2
2
2
3
4
5
9
14
23
35
53
75
103
135
167
195
217
228
229
232
264
365
578
932
1412
1975
2530
2978
3248
3345
3349
3377
3522
3810
4190
4585
4922
5168
5328
5413
5449
5452
5435
5406
5374
5346
5326
5320
5327
5334
5313
5223
5018
4671
4196
3636
3083
2636
2367
2270
2266
2238
2092
1804
1422
1026
686
434
266
169
116
90
80
77
77
77
75
70
62
51
40
29
21
15
10
7
5
4
4
3
4
4
4
5
6
6
7
7
7
7
7
7
6
6
6
6
7
7
7
8
8
8
8
8
7
7
7
6
6
6
6
5
5
4
4
3
3
2
2
2
2
2
2
2
2
1
1
1
1
0
0
0
1
1
1
1
1
2
2
2
3
3
3
3
3
3
3
4
4
5
6
8
10
13
19
29
43
64
92
126
162
198
228
249
257
257
265
316
452
716
1119
1640
2212
2732
3114
3311
3362
3362
3428
3636
3974
4369
4734
5019
5206
5308
5353
5358
5339
5308
5272
5236
5206
5187
5182
5187
5186
5143
5015
4759
4361
3844
3275
2756
2375
2178
2128
2128
2060
1852
1512
1116
749
460
268
156
97
71
61
59
59
58
58
56
53
48
41
32
24
16
11
7
4
2
1
1
1
0
0
1
1
1
1
1
1
1
1
1
1
1
1
1
1
1
2
2
1
1
1
1
1
2
2
2
1
1
1
1
1
1
1
1
1
1
1
1
1
0
0
0
0
0
0
0
0
0
0
0
0
0
0
0
1
1
1
2
2
2
2
2
2
2
2
2
3
3
3
4
5
6
8
11
17
25
38
58
80
106
132
157
176
185
186
187
208
278
432
702
1083
1540
2004
2385
2626
2719
2727
2744
2855
3085
3385
3691
3953
4142
4265
4336
4371
4380
4372
4351
4327
4302
4284
4278
4282
4289
4278
4217
4071
3808
3430
2977
2515
2135
1895
1802
1794
1777
1665
1435
1134
827
563
371
242
163
115
87
72
67
66
66
65
61
56
47
38
28
20
14
10
6
4
3
3
2
2
2
2
2
3
3
3
3
3
3
3
2
2
2
2
2
3
3
3
3
2
2
2
2
2
2
2
2
1
1
1
1
1
1
1
1
0
0
0
0
0
0
0
0
0
0
0
0
0
0
0
0
0
1
1
1
1
2
2
2
2
2
2
2
2
3
3
4
5
6
7
9
10
12
16
21
30
42
59
82
108
138
165
188
199
202
202
223
296
459
741
1137
1617
2114
2547
2835
2966
2986
2993
3086
3308
3641
4013
4358
4631
4818
4929
4985
5001
4993
4971
4942
4914
4894
4888
4895
4907
4898
4835
4681
4406
4014
3538
3044
2612
2324
2193
2172
2164
2071
1847
1513
1139
792
516
324
204
136
102
88
84
84
84
81
75
65
53
41
30
21
14
10
6
4
3
3
2
3
3
3
3
4
4
4
4
4
4
4
4
4
4
3
3
3
3
3
4
4
4
4
4
4
4
4
4
3
3
3
3
2
2
2
1
1
1
1
1
1
2
2
2
2
2
2
2
2
2
2
2
2
2
3
3
3
3
4
4
4
4
4
4
4
4
4
5
6
6
7
8
10
12
14
18
25
34
47
65
85
110
134
154
168
174
174
181
224
335
549
869
1279
1728
2146
2460
2632
2682
2682
2719
2859
3110
3416
3715
3958
4127
4229
4278
4295
4292
4277
4255
4231
4210
4196
4192
4194
4191
4153
4048
3840
3525
3117
2671
2254
1941
1770
1719
1720
1681
1540
1288
981
680
434
261
153
94
65
50
45
43
43
43
43
41
38
34
29
22
17
12
9
8
6
6
5
5
5
5
5
6
6
7
7
7
7
6
6
6
5
5
5
5
5
5
6
6
6
6
5
5
5
5
4
4
4
4
3
3
3
2
2
1
1
1
1
1
1
1
1
1
1
1
1
1
1
1
1
1
2
2
2
3
3
3
3
3
3
4
4
3
4
4
4
4
5
6
7
7
9
10
13
18
25
37
53
74
98
124
149
173
190
198
198
204
245
357
570
896
1307
1748
2144
2432
2581
2622
2621
2656
2772
2968
3202
3430
3620
3765
3862
3918
3945
3950
3939
3919
3894
3869
3852
3847
3851
3851
3818
3713
3507
3186
2779
2341
1947
1660
1512
1471
1471
1435
1319
1121
886
656
464
314
210
143
99
73
60
55
54
54
54
52
47
41
33
26
19
14
10
7
6
5
5
6
8
10
14
19
26
32
38
42
44
44
44
44
45
46
48
51
55
58
61
63
64
65
66
66
65
65
64
63
63
61
60
57
53
49
43
38
37
40
50
66
87
111
136
161
180
192
194
191
198
244
366
595
941
1374
1846
2272
2579
2733
2772
2772
2823
2977
3229
3523
3805
4032
4191
4289
4335
4351
4345
4326
4302
4276
4254
4240
4238
4243
4240
4198
4081
3856
3512
3081
2611
2186
1880
1726
1687
1687
1636
1482
1230
935
653
424
261
157
98
66
52
46
45
44
44
43
39
34
28
21
15
10
7
6
4
4
3
3
3
4
4
4
4
5
5
5
4
4
4
4
4
4
4
4
5
5
5
5
5
5
5
4
4
4
4
3
3
3
3
3
2
2
2
1
1
1
1
1
1
1
1
1
0
0
0
0
0
0
0
0
0
0
0
0
0
0
0
0
0
0
0
0
0
0
0
0
0
0
0
0
0
0
0
0
0
0
0
0
0
0
0
1
1
1
1
2
3
4
5
7
11
18
28
43
62
84
109
135
159
176
185
185
190
229
341
554
881
1306
1778
2219
2559
2757
2824
2827
2850
2966
3195
3495
3801
4063
4256
4382
4451
4480
4483
4471
4453
4429
4405
4388
4379
4380
4378
4346
4241
4036
3717
3297
2829
2391
2053
1857
1791
1789
1765
1649
1420
1119
812
548
350
218
138
95
73
62
56
54
54
54
54
52
49
43
36
28
20
15
11
8
6
4
3
2
2
2
2
2
2
2
2
2
2
2
2
2
2
2
2
2
2
2
2
2
2
2
2
2
2
1
1
1
1
1
1
2
2
3
3
4
5
5
6
6
6
8
17
33
55
81
105
126
141
148
152
152
152
156
168
193
231
284
346
410
475
531
576
603
613
613
619
652
731
855
996
1122
1196
1219
1205
1179
1159
1150
1150
1155
1161
1167
1172
1171
1161
1138
1100
1047
985
921
856
800
755
727
716
716
709
675
595
471
330
202
119
80
72
72
67
55
40
28
18
12
7
4
2
0
0
0
0
0
0
0
0
0
0
0
0
0
0
1
1
3
4
5
7
9
12
14
16
16
16
17
22
33
51
73
97
120
138
150
156
159
159
160
164
176
197
224
254
282
305
320
328
332
331
329
329
337
356
387
426
459
477
475
460
437
414
395
381
373
370
370
372
374
372
362
342
314
284
256
232
217
208
203
203
203
200
190
170
138
99
65
42
33
31
31
30
26
22
19
16
13
10
7
5
4
3
2
2
2
2
1
1
0
0
0
0
0
0
1
2
3
4
5
7
9
10
11
12
12
13
17
26
42
63
86
107
123
135
141
143
143
144
150
163
184
210
238
264
284
300
310
316
316
315
315
323
343
372
407
434
447
444
429
408
387
368
354
344
338
338
339
340
336
325
306
281
253
227
207
191
179
172
170
170
168
159
138
108
74
46
28
22
21
21
19
17
15
14
12
11
10
8
6
4
2
1
0
0
0
0
0
0
0
0
0
0
0
0
1
2
4
6
7
9
11
12
13
13
13
16
25
39
60
85
107
125
137
143
145
145
146
151
163
184
210
236
259
276
286
290
290
289
287
288
294
309
332
360
386
399
397
384
363
340
321
307
297
293
292
293
293
289
278
260
236
211
189
172
161
156
154
155
156
154
146
130
106
78
52
36
29
28
28
27
24
20
18
15
14
13
13
11
10
8
5
4
3
3
3
3
2
2
1
0
0
1
2
3
5
7
9
13
16
19
21
22
22
23
29
45
73
112
155
198
236
265
281
286
286
289
301
329
372
425
478
521
552
568
574
574
572
569
572
583
607
640
676
703
713
700
672
635
597
562
530
506
492
488
488
487
475
447
403
350
297
254
222
204
197
194
194
193
188
173
147
113
76
48
34
30
30
29
23
15
9
5
2
1
0
0
0
0
0
0
0
0
0
0
0
0
0
0
0
0
1
1
3
4
6
8
11
13
15
17
17
17
18
25
41
71
114
165
216
256
284
299
303
303
306
320
350
398
465
545
628
704
764
803
822
825
823
829
859
922
1015
1116
1201
1251
1257
1231
1188
1143
1106
1082
1072
1072
1078
1083
1083
1070
1040
992
925
846
765
690
629
589
568
563
563
555
523
458
365
264
177
121
99
95
95
89
76
58
40
26
16
10
8
7
7
7
6
5
3
2
1
0
0
0
0
0
0
0
1
1
3
5
8
12
17
21
25
28
29
29
30
36
50
77
113
151
188
216
235
246
250
251
251
255
268
292
326
362
394
419
435
444
446
445
441
437
435
443
465
497
530
551
548
524
488
452
422
400
386
378
375
375
376
372
359
334
300
264
232
206
188
178
172
169
169
169
166
155
133
101
66
40
28
26
26
23
17
11
6
3
2
1
0
0
0
0
0
0
0
0
0
0
0
0
0
0
0
0
0
0
1
2
4
7
12
19
26
33
38
40
40
41
47
63
91
128
166
200
225
239
246
247
247
248
254
269
295
336
392
462
538
604
650
671
670
666
684
748
860
998
1131
1231
1280
1283
1256
1222
1194
1178
1174
1177
1184
1191
1196
1198
1194
1180
1154
1113
1057
987
910
842
794
770
766
764
738
667
551
410
278
177
121
102
101
99
88
70
49
32
18
10
5
2
1
0
0
0
0
0
0
0
0
0
0
0
0
0
0
1
1
3
5
7
11
15
20
24
26
27
27
30
41
65
101
144
188
224
250
265
270
271
271
275
287
314
354
408
469
536
600
654
695
719
724
720
725
762
839
950
1070
1168
1222
1228
1199
1156
1114
1084
1065
1059
1062
1070
1077
1080
1076
1055
1019
967
906
839
774
719
676
650
642
642
633
592
512
400
280
179
114
84
77
77
75
70
62
54
45
36
29
21
14
8
4
2
2
2
2
1
1
0
0
0
0
0
0
0
1
1
3
4
6
9
12
15
18
20
20
20
22
31
50
82
125
171
212
240
256
262
263
263
270
287
319
365
421
482
543
599
646
676
690
690
689
703
749
826
923
1013
1079
1105
1096
1066
1023
980
943
920
907
903
905
906
901
886
858
815
762
702
641
585
537
505
489
486
485
467
419
339
242
152
84
50
39
38
38
35
31
26
23
20
18
16
14
12
8
5
2
1
0
0
0
0
0
0
0
0
0
0
1
1
3
5
7
10
13
15
18
20
21
21
22
27
40
64
98
135
169
195
212
221
223
223
225
233
251
281
322
369
420
467
507
536
551
553
551
558
589
652
734
821
885
914
912
888
855
825
802
787
778
775
776
778
778
770
752
722
681
633
583
535
494
462
444
439
439
430
396
331
248
161
96
62
52
51
50
43
32
21
13
7
4
2
1
0
0
0
0
0
0
0
0
0
0
0
0
0
0
0
0
1
1
3
4
6
9
12
16
18
20
20
20
23
34
55
87
126
164
196
219
231
235
236
236
239
250
271
305
353
412
476
539
592
626
640
640
638
652
695
768
854
931
978
990
974
942
907
880
861
850
845
843
843
843
839
829
808
774
726
668
603
538
485
449
433
431
429
412
366
293
206
129
78
56
51
51
47
36
23
11
5
2
1
1
1
1
1
1
1
0
0
0
0
0
0
0
0
0
0
1
2
3
5
7
9
12
15
18
21
22
23
23
25
35
55
92
140
190
239
275
296
305
307
307
311
326
356
406
474
556
642
724
790
829
841
839
841
870
941
1048
1171
1280
1348
1371
1357
1321
1277
1237
1203
1182
1173
1171
1174
1177
1174
1160
1131
1080
1013
929
843
759
692
651
636
636
630
598
524
416
292
184
113
81
74
74
70
59
44
30
18
10
5
3
1
0
0
0
0
0
0
0
0
0
0
0
0
0
1
2
3
5
9
13
17
23
29
36
42
46
47
47
49
57
78
117
170
232
293
344
380
399
406
406
407
417
443
488
555
641
737
836
919
980
1009
1012
1006
1019
1075
1183
1326
1476
1594
1656
1662
1626
1574
1522
1478
1450
1434
1430
1433
1438
1440
1432
1407
1361
1294
1207
1110
1009
923
858
824
816
815
796
734
622
477
328
208
137
111
108
107
97
79
57
36
21
12
6
3
1
0
0
0
0
0
0
0
0
0
0
0
0
0
0
0
1
2
4
8
13
18
25
32
40
45
49
49
50
55
73
107
155
211
267
318
356
381
393
395
395
400
418
452
500
556
608
650
680
699
706
705
699
694
698
723
767
826
876
904
902
870
822
768
717
673
641
623
617
620
626
626
611
578
530
474
421
379
348
326
314
309
309
307
295
265
217
158
107
73
58
56
56
54
49
42
36
29
23
17
11
7
4
3
3
3
2
1
1
0
0
0
0
0
0
0
1
2
4
7
10
14
18
22
25
28
29
29
30
38
57
93
144
200
253
297
325
337
339
339
343
357
385
430
489
556
623
686
737
775
793
794
791
799
836
904
996
1090
1159
1193
1188
1154
1103
1049
999
960
935
926
925
927
925
915
891
850
796
731
665
600
547
506
486
481
481
469
428
358
264
171
100
59
45
43
43
41
38
34
30
27
25
23
21
18
14
9
5
2
1
1
1
1
0
0
0
0
0
0
0
1
2
4
6
9
12
16
20
23
24
24
26
36
59
93
134
174
206
229
241
245
245
246
251
264
288
320
361
404
449
492
529
557
573
575
572
577
607
672
761
852
913
938
925
891
852
818
795
782
778
779
782
783
780
768
744
712
671
627
582
539
500
470
453
448
448
438
404
337
246
156
92
58
48
48
46
40
30
20
13
8
5
3
1
0
0
0
0
0
0
0
0
0
0
0
0
0
0
0
0
0
1
1
3
6
9
13
17
21
24
24
25
28
40
64
101
141
180
214
237
250
255
255
256
260
272
296
334
382
438
500
558
610
652
675
681
677
681
711
776
873
973
1050
1084
1076
1041
1001
968
942
929
923
923
926
926
923
911
886
848
800
744
682
624
570
527
501
492
492
484
450
382
285
184
104
59
43
41
40
35
26
17
9
4
2
0
0
0
0
0
0
0
0
0
0
0
0
0
0
0
0
0
0
0
0
1
2
3
6
9
13
17
20
21
21
22
27
40
63
95
131
165
193
213
222
225
225
227
235
253
283
324
372
422
470
515
552
577
586
584
583
601
655
744
848
937
991
1002
984
952
920
896
880
872
870
873
877
877
870
853
823
782
734
683
635
590
551
525
513
512
509
487
431
341
236
146
87
63
59
59
54
44
32
21
13
7
4
2
1
0
0
0
0
0
0
0
0
0
0
0
0
0
0
0
0
1
1
2
3
5
7
9
11
13
14
14
14
16
23
37
60
88
118
144
165
178
186
188
189
189
193
203
222
254
299
355
419
488
552
596
614
615
616
644
717
837
973
1095
1176
1204
1194
1166
1140
1127
1125
1130
1137
1144
1149
1152
1150
1141
1122
1090
1044
988
924
853
789
743
723
720
716
687
613
493
357
233
147
103
91
91
87
74
55
37
22
13
7
4
2
1
1
1
1
1
1
1
1
1
1
1
1
1
1
0
0
1
3
5
7
9
11
13
14
16
17
17
17
18
23
37
61
93
129
163
191
211
221
225
226
227
233
251
283
328
381
431
472
504
523
531
531
530
536
561
608
670
734
784
806
803
779
748
721
700
687
681
681
685
692
697
695
679
647
601
551
506
470
442
426
417
416
415
407
381
334
273
210
160
134
125
125
123
115
101
87
74
63
54
47
41
37
36
36
35
33
27
20
13
9
8
8
8
7
7
6
6
5
4
4
5
6
8
9
11
12
13
13
13
14
19
30
49
75
107
141
171
197
215
222
224
224
229
245
277
330
403
490
582
668
734
773
783
782
791
835
922
1041
1165
1265
1322
1337
1323
1297
1270
1245
1227
1213
1205
1205
1208
1211
1207
1192
1160
1106
1033
946
853
766
699
658
646
646
635
589
503
383
259
158
96
70
66
66
61
51
39
27
18
10
5
3
2
1
1
1
1
0
0
0
0
0
0
0
0
0
0
0
0
0
0
0
1
2
3
5
7
9
11
12
12
12
14
18
29
45
66
90
115
136
150
159
162
162
166
180
210
258
320
387
455
516
559
578
580
580
599
655
747
859
959
1030
1065
1069
1059
1045
1033
1022
1011
1001
994
990
990
992
989
974
944
896
835
767
700
639
596
575
572
570
549
491
397
285
184
114
77
68
68
65
57
43
30
19
12
7
4
3
2
1
1
1
1
1
1
1
0
0
0
0
0
0
0
0
0
0
1
2
5
8
12
16
18
19
20
20
20
20
22
29
42
63
89
119
147
173
192
203
207
207
210
225
259
312
386
472
558
633
687
713
718
715
724
768
851
960
1068
1154
1203
1217
1208
1187
1164
1139
1119
1100
1088
1085
1088
1094
1095
1083
1050
997
923
836
750
674
618
588
580
580
568
522
439
331
222
136
85
64
60
60
57
52
44
37
29
22
15
10
5
3
2
1
1
1
1
0
0
0
0
0
0
0
0
0
0
1
2
5
8
13
17
21
23
25
26
26
26
31
44
71
111
162
215
261
295
314
320
320
324
342
378
434
508
588
667
737
791
825
836
834
833
853
909
998
1098
1184
1240
1261
1254
1227
1188
1140
1091
1049
1017
999
994
995
992
976
941
886
814
735
655
584
528
492
477
476
473
449
390
300
199
112
56
30
24
24
23
20
16
13
11
9
9
8
7
5
3
2
1
0
0
0
0
0
0
0
0
1
1
1
1
1
1
2
4
7
10
14
18
22
26
28
30
30
31
38
57
94
144
200
254
297
325
337
338
339
349
375
420
482
552
623
687
736
768
783
784
780
787
819
883
971
1056
1124
1159
1162
1143
1109
1066
1020
978
943
921
912
912
912
903
877
831
769
699
629
564
514
479
462
458
458
447
411
343
253
166
99
62
52
51
49
42
31
21
12
7
3
2
1
0
0
0
0
0
0
0
0
1
1
0
0
1
1
1
2
2
2
3
4
8
13
18
23
26
28
28
28
28
31
39
56
86
129
180
228
269
295
307
309
310
315
333
366
417
481
558
641
723
795
843
860
857
856
885
957
1061
1173
1259
1307
1318
1302
1273
1237
1198
1162
1130
1107
1096
1093
1093
1088
1070
1036
986
921
844
761
678
604
554
532
530
526
494
421
316
204
117
67
49
47
46
39
27
15
6
3
2
2
2
2
2
2
3
3
4
4
4
4
3
3
3
3
2
2
3
3
4
5
6
9
11
14
18
22
26
30
33
33
34
43
71
122
192
265
329
372
394
401
401
404
416
442
487
549
623
702
781
854
911
945
955
952
956
988
1060
1164
1274
1364
1416
1429
1405
1355
1287
1221
1165
1131
1115
1113
1116
1116
1105
1079
1034
972
899
818
738
665
606
570
558
558
550
514
437
329
217
127
73
51
47
47
43
36
27
19
12
8
4
3
2
2
1
1
1
2
2
2
1
1
1
2
2
2
3
4
6
9
12
17
23
29
36
41
45
48
48
48
51
61
81
115
160
211
262
305
335
351
356
357
357
363
377
403
438
483
534
590
643
686
713
719
714
711
725
766
833
909
977
1015
1019
991
945
897
853
818
797
787
786
788
789
785
771
745
709
663
610
551
495
447
415
401
400
397
380
337
269
192
122
74
49
43
43
41
34
26
17
11
6
3
2
0
0
0
0
0
0
0
0
0
0
0
0
0
0
0
0
1
1
1
2
5
10
19
31
46
60
72
81
85
85
86
91
108
138
181
237
296
349
390
416
429
432
432
435
445
468
506
562
636
721
809
883
931
945
933
923
945
1016
1132
1268
1388
1462
1482
1462
1419
1365
1316
1276
1251
1240
1237
1242
1246
1246
1236
1214
1175
1119
1046
959
869
789
733
707
703
699
665
585
466
329
209
129
93
83
83
80
71
57
41
27
16
8
4
1
1
0
0
0
0
0
0
0
0
0
0
0
0
0
0
0
0
1
3
5
9
13
18
24
29
34
37
37
37
41
53
77
113
157
200
238
268
289
300
304
304
306
315
338
372
413
458
498
533
556
570
577
575
569
567
576
608
658
717
764
786
777
744
700
659
625
602
587
582
583
587
589
583
563
530
489
443
403
367
341
323
312
309
309
307
292
258
207
148
98
64
49
46
46
44
39
33
26
21
16
12
8
5
2
1
1
1
1
1
1
0
0
0
0
0
0
0
0
1
2
3
4
5
7
9
10
12
13
14
14
14
18
30
53
85
121
155
183
201
209
211
211
213
221
237
263
301
347
394
439
481
516
541
552
553
553
564
602
669
752
831
886
904
891
860
824
792
767
753
747
746
747
747
741
726
701
663
619
571
526
483
446
420
407
404
404
390
352
284
201
121
62
32
23
22
22
19
16
13
11
9
8
7
6
4
3
2
1
1
1
1
1
1
1
1
1
1
1
1
2
2
3
4
6
8
10
13
16
17
19
19
19
20
24
36
59
91
129
168
200
220
231
234
234
237
249
275
318
374
435
499
557
604
634
647
648
645
653
686
749
836
929
1002
1040
1044
1023
992
960
934
915
905
902
903
907
906
895
870
827
771
709
645
587
539
508
494
491
490
479
445
381
295
201
128
85
69
68
67
61
49
35
25
17
12
9
7
6
5
5
5
5
5
4
3
3
2
2
2
2
2
2
2
2
1
1
2
4
6
9
13
16
19
20
21
21
21
24
32
50
78
114
155
193
223
244
254
257
257
261
275
305
353
418
492
568
634
686
717
726
723
724
746
797
877
964
1037
1080
1089
1073
1046
1016
986
959
939
924
917
915
915
911
896
867
819
755
682
606
538
485
451
439
438
434
410
357
277
190
117
71
54
51
51
44
34
22
12
6
4
3
3
3
3
3
3
2
1
1
1
1
1
1
1
1
1
1
1
1
1
2
4
7
9
13
16
19
22
24
25
25
26
34
51
83
129
182
233
274
300
312
315
315
318
329
353
392
447
515
588
660
720
763
783
784
781
790
824
886
965
1042
1099
1128
1125
1096
1051
999
952
917
896
889
889
891
890
879
855
817
761
693
620
546
485
439
416
412
411
399
363
298
218
142
83
47
32
28
28
27
23
18
12
7
4
2
1
0
0
0
0
0
0
0
0
0
0
0
0
0
0
0
1
2
4
8
12
17
24
31
40
47
53
56
56
56
61
77
107
153
212
270
324
362
387
397
399
399
405
421
453
503
573
655
743
827
893
928
935
928
931
972
1056
1174
1297
1394
1448
1456
1430
1385
1332
1285
1246
1222
1210
1207
1210
1213
1209
1194
1162
1112
1041
958
868
781
710
670
656
656
644
596
506
386
262
165
106
82
78
78
72
60
45
30
18
11
6
3
1
0
0
0
0
0
0
0
0
0
0
0
0
0
0
0
0
0
1
3
5
7
10
13
16
18
20
20
20
22
31
49
77
111
147
179
202
216
222
223
223
227
239
263
302
352
411
472
530
577
607
616
614
615
639
696
781
877
964
1018
1036
1024
996
964
935
911
897
891
893
899
903
903
894
871
833
782
723
662
603
555
523
511
511
506
480
421
334
237
150
94
68
62
62
59
53
44
36
27
20
13
9
5
2
1
0
0
0
0
0
0
0
0
0
0
0
0
0
0
0
1
1
3
6
9
12
15
17
19
19
19
19
22
28
43
69
105
148
191
228
252
263
264
265
272
295
336
392
459
533
606
669
718
746
753
750
753
778
838
932
1036
1123
1179
1199
1191
1165
1130
1090
1054
1024
1006
1001
1003
1007
1003
983
943
888
821
748
674
610
559
529
518
518
513
485
423
330
225
139
80
54
47
47
46
42
35
29
22
17
13
8
5
3
1
1
0
0
0
0
0
0
0
0
0
0
0
0
0
1
1
3
4
6
8
11
13
15
17
17
17
18
24
36
58
88
125
163
200
230
250
260
262
262
271
297
347
424
517
618
711
786
835
854
854
854
876
933
1025
1137
1242
1317
1352
1354
1332
1303
1273
1246
1221
1202
1189
1185
1187
1189
1181
1156
1105
1028
935
834
740
664
613
592
590
587
563
504
411
298
194
117
76
63
62
61
54
44
32
21
13
8
4
1
0
0
0
0
0
0
0
0
0
0
0
0
0
0
0
0
0
0
1
3
5
8
12
15
18
19
20
20
20
22
30
46
74
113
158
204
245
277
294
300
300
303
318
352
408
484
571
661
743
806
842
854
852
852
871
923
1002
1092
1172
1223
1240
1229
1201
1167
1131
1098
1069
1047
1035
1033
1035
1032
1018
984
929
854
769
680
598
534
495
481
479
476
454
401
321
232
152
99
75
71
71
66
56
44
32
23
16
13
11
11
11
11
9
8
6
4
3
3
3
3
3
3
2
2
2
2
2
2
3
5
8
11
14
18
21
24
25
25
25
30
46
78
126
185
244
295
331
350
356
356
359
372
402
453
520
603
689
772
841
890
913
916
913
925
967
1051
1162
1274
1360
1406
1409
1379
1331
1278
1230
1192
1166
1154
1154
1156
1155
1143
1113
1063
995
912
825
742
672
621
595
588
588
573
528
441
329
217
130
79
60
58
57
52
41
29
18
11
6
3
2
0
0
0
0
0
0
0
0
0
0
0
0
0
0
0
0
0
1
3
5
8
12
17
23
29
35
40
42
44
44
45
51
69
103
154
218
283
336
375
395
403
403
404
411
428
460
508
575
660
755
849
925
971
984
978
981
1019
1110
1241
1382
1497
1564
1579
1551
1500
1441
1388
1351
1328
1321
1323
1329
1332
1327
1310
1279
1231
1163
1076
979
882
802
752
732
732
723
680
587
454
313
197
124
92
85
85
80
68
52
36
23
13
7
3
1
0
0
0
0
0
0
0
0
0
0
0
0
0
0
0
0
0
1
2
4
6
10
13
16
20
22
24
24
24
27
35
56
90
138
191
242
281
305
317
320
320
324
338
370
421
492
575
660
739
802
840
853
851
851
874
933
1025
1133
1230
1296
1321
1310
1276
1229
1180
1136
1105
1088
1083
1087
1093
1093
1081
1051
1001
930
847
761
681
616
576
560
558
555
529
467
373
265
168
100
66
57
56
55
51
45
37
30
22
16
10
6
3
1
0
0
0
0
0
0
0
0
0
0
0
0
0
0
1
1
3
5
8
11
15
19
23
27
28
29
29
34
50
82
127
183
242
293
329
348
354
354
357
369
397
440
502
575
651
727
790
836
859
863
859
868
910
986
1086
1182
1253
1286
1285
1256
1210
1156
1100
1053
1021
1006
1004
1008
1011
1003
980
941
882
810
733
656
592
544
518
511
511
498
452
372
271
174
104
65
50
48
48
46
43
39
35
31
27
23
18
14
9
5
2
1
1
1
1
1
1
1
0
0
0
0
1
1
2
3
6
8
10
13
16
18
19
20
20
21
29
46
76
117
160
201
233
254
265
268
268
269
277
294
324
370
426
490
554
614
662
692
703
701
701
720
772
854
952
1037
1091
1103
1082
1041
999
963
938
923
918
918
920
921
915
899
870
826
772
709
645
583
532
500
487
486
484
463
410
326
229
143
81
51
43
43
41
37
30
24
18
15
13
11
10
8
6
5
3
2
1
1
1
1
1
1
1
1
1
1
1
1
1
1
2
3
4
6
8
10
11
12
12
12
14
19
29
47
71
101
133
163
188
202
210
211
211
215
228
256
299
355
422
492
559
617
654
670
670
671
695
756
853
962
1057
1117
1136
1125
1101
1073
1050
1032
1020
1015
1014
1016
1019
1017
1005
977
934
878
810
740
672
614
575
557
556
553
526
465
368
259
162
98
68
61
61
58
50
38
26
16
10
5
3
1
0
0
0
0
0
0
0
0
0
0
0
0
0
0
0
0
0
1
2
4
6
9
12
16
19
21
22
22
23
27
39
63
102
150
200
246
280
303
312
315
315
319
334
366
416
484
566
652
734
803
847
865
864
863
886
948
1044
1156
1257
1320
1342
1327
1288
1243
1201
1168
1149
1140
1140
1145
1149
1147
1133
1101
1051
984
901
815
733
662
617
596
594
591
565
500
403
291
190
123
89
80
80
77
69
55
41
27
18
10
5
3
3
3
3
2
1
0
0
0
0
0
0
0
0
0
0
0
0
1
2
5
7
11
15
19
23
27
29
31
31
32
39
60
96
150
211
270
318
352
370
375
375
379
395
431
487
564
650
739
822
884
922
933
930
933
965
1035
1137
1244
1331
1383
1396
1379
1342
1293
1240
1191
1152
1125
1112
1110
1113
1110
1095
1059
1003
926
839
749
666
601
561
546
546
538
502
428
324
215
129
75
55
51
51
47
38
29
19
13
8
5
2
1
0
0
0
0
0
0
0
0
0
0
0
0
0
0
0
0
0
0
1
4
8
14
21
30
38
47
53
57
58
58
62
79
115
171
241
312
377
427
459
475
479
479
486
510
558
638
743
862
985
1087
1157
1185
1183
1177
1198
1270
1391
1537
1673
1770
1814
1812
1777
1723
1664
1611
1565
1532
1512
1505
1505
1508
1503
1479
1431
1351
1246
1126
1002
898
824
790
785
782
752
672
544
395
258
161
113
98
98
95
84
67
47
30
18
9
4
2
1
0
0
0
0
0
0
0
0
0
0
0
0
0
0
0
0
0
1
2
4
8
12
18
24
30
36
39
40
40
42
51
74
112
161
211
259
298
322
334
337
337
341
354
384
432
500
583
669
751
819
862
875
870
868
893
958
1059
1174
1271
1331
1349
1333
1295
1248
1202
1161
1130
1113
1108
1114
1121
1124
1116
1088
1041
974
890
804
721
651
605
588
587
582
552
481
377
261
164
102
74
67
67
66
61
54
47
40
32
24
16
10
5
2
1
1
1
1
1
0
0
0
0
0
0
0
0
0
1
1
3
6
10
14
19
23
27
30
31
31
32
41
60
90
126
160
188
206
214
215
215
220
234
262
311
378
455
514
543
547
547
572
638
735
824
881
911
920
921
921
920
914
898
873
842
814
791
778
774
774
776
772
757
730
682
615
538
480
450
445
444
416
345
245
151
90
56
44
42
42
41
39
36
31
25
20
14
10
7
5
3
3
2
2
1
1
1
1
0
0
1
1
1
0
0
0
0
0
0
0
0
0
1
1
1
1
2
2
2
3
3
3
4
4
4
4
4
4
4
5
5
6
6
7
8
10
14
20
30
44
65
91
121
152
182
206
222
227
227
237
290
427
679
1060
1548
2086
2574
2927
3104
3145
3146
3216
3418
3731
4090
4421
4682
4858
4960
5010
5024
5015
4993
4963
4934
4909
4894
4891
4897
4895
4852
4726
4484
4110
3626
3092
2606
2254
2077
2037
2036
1965
1762
1449
1089
756
493
312
201
138
104
86
79
76
76
76
75
72
67
58
48
37
27
20
15
12
10
9
8
8
8
8
8
8
8
7
6
5
5
4
5
5
5
5
5
5
6
6
6
7
7
7
7
7
7
7
7
7
7
7
7
7
7
7
6
6
6
5
5
4
4
4
4
4
4
4
3
3
3
3
3
4
4
4
4
4
4
4
4
4
4
4
4
4
4
4
4
5
5
6
7
7
8
9
12
17
24
37
54
78
106
135
164
192
213
222
223
226
258
359
567
901
1349
1862
2358
2754
2989
3072
3075
3099
3222
3462
3768
4081
4348
4546
4680
4756
4795
4802
4792
4770
4742
4714
4694
4687
4693
4699
4679
4590
4392
4066
3622
3113
2619
2225
1991
1908
1904
1880
1756
1515
1208
894
625
422
282
192
136
104
87
80
79
79
78
75
69
59
47
35
26
18
14
11
10
9
8
8
8
8
8
8
8
8
8
7
7
7
7
6
5
5
4
4
4
4
4
4
4
4
4
4
3
3
3
3
2
2
2
2
2
2
2
2
2
2
2
2
2
2
2
2
2
2
2
2
2
2
2
2
2
2
2
2
2
3
3
4
5
5
5
5
5
6
6
8
9
11
12
15
17
19
23
30
39
54
73
97
125
153
179
200
212
214
215
235
314
491
791
1209
1705
2209
2627
2903
3022
3037
3044
3136
3353
3671
4022
4346
4606
4792
4915
4984
5015
5017
4999
4972
4946
4928
4925
4935
4950
4945
4880
4716
4425
4013
3521
3019
2603
2328
2208
2192
2183
2090
1871
1551
1197
871
607
414
282
199
148
122
113
111
111
108
100
86
70
54
39
26
17
10
6
3
2
1
1
1
2
2
2
3
3
3
3
3
3
3
3
3
3
3
3
3
3
4
4
4
4
4
4
4
4
4
3
3
3
3
2
2
2
1
1
1
1
1
1
1
1
1
1
0
0
0
0
0
0
0
1
1
1
2
2
3
3
4
4
4
4
4
4
4
4
4
5
5
6
7
8
10
12
14
19
27
37
53
76
102
133
165
195
219
232
234
234
256
340
522
835
1284
1821
2368
2832
3145
3282
3300
3309
3413
3658
4017
4418
4776
5047
5222
5320
5362
5366
5349
5320
5288
5259
5235
5225
5227
5232
5218
5145
4971
4664
4222
3687
3144
2681
2368
2232
2214
2204
2100
1853
1493
1089
729
453
270
162
103
77
68
65
65
65
64
61
56
50
41
32
23
16
10
7
4
3
2
2
1
1
1
2
2
2
2
3
3
3
3
2
2
2
2
3
3
3
3
3
3
3
3
3
3
3
2
2
2
2
2
2
2
2
2
1
1
1
1
1
1
1
1
0
0
0
0
0
0
0
0
0
0
1
1
1
1
2
2
2
2
2
2
2
2
2
2
3
3
3
4
5
6
9
12
17
27
42
61
85
113
143
173
199
216
222
222
232
286
418
664
1032
1496
2000
2464
2811
2998
3054
3054
3094
3243
3501
3819
4137
4404
4601
4732
4804
4838
4842
4827
4802
4773
4747
4731
4729
4738
4738
4696
4576
4339
3979
3520
3019
2557
2211
2024
1968
1968
1928
1778
1520
1200
880
610
407
266
179
126
98
85
80
79
79
77
73
64
53
41
29
20
12
7
4
2
1
0
0
0
0
0
0
0
1
1
1
1
1
1
1
1
1
1
1
1
2
2
2
2
3
3
3
3
3
3
3
3
3
3
3
2
2
2
2
2
2
2
2
2
2
2
2
2
2
2
1
1
1
1
2
2
2
2
3
3
3
3
4
4
4
4
4
4
4
4
4
4
4
5
5
6
7
10
14
20
31
46
66
90
118
146
172
192
204
206
207
227
300
463
745
1149
1645
2149
2575
2857
2981
2997
3007
3108
3337
3663
4022
4339
4582
4743
4837
4881
4890
4879
4856
4829
4803
4783
4774
4777
4783
4772
4709
4556
4281
3883
3391
2890
2466
2185
2061
2046
2035
1935
1705
1378
1018
698
451
283
179
120
90
77
72
72
72
71
68
63
55
46
35
25
18
13
9
6
5
4
3
2
2
2
2
2
2
2
2
2
2
2
2
2
2
2
2
1
1
1
1
2
2
2
2
1
1
1
1
1
1
1
1
1
1
1
1
1
1
1
1
1
1
1
1
1
1
1
1
1
1
1
1
2
2
2
3
3
4
4
5
5
6
6
6
6
6
6
6
6
7
8
9
10
11
13
16
19
24
32
45
63
85
111
137
160
179
189
191
191
206
261
393
634
987
1436
1916
2334
2622
2754
2776
2781
2863
3064
3364
3695
3987
4214
4363
4444
4482
4489
4478
4457
4432
4408
4389
4379
4378
4381
4373
4325
4202
3969
3622
3179
2703
2288
2001
1870
1848
1843
1760
1557
1256
923
628
399
245
155
104
80
68
64
62
62
62
62
60
56
50
41
33
24
18
12
8
5
4
3
3
3
3
3
4
4
5
5
6
6
6
6
5
5
5
5
5
5
6
6
6
6
7
7
7
7
7
7
7
7
7
7
7
6
6
5
5
4
4
4
3
3
3
3
3
3
3
3
3
3
3
3
3
4
4
4
4
5
5
5
4
4
4
4
4
5
5
5
6
6
7
7
8
9
11
15
22
32
46
67
92
122
153
185
210
228
234
234
248
313
467
743
1139
1627
2139
2587
2901
3059
3095
3095
3153
3321
3596
3921
4239
4505
4702
4833
4912
4947
4949
4931
4902
4870
4845
4833
4836
4849
4849
4798
4655
4387
3998
3514
3004
2558
2244
2086
2050
2049
1990
1822
1546
1220
899
630
427
286
193
137
109
97
94
94
93
87
78
64
50
36
26
17
11
6
3
2
1
1
1
1
1
1
1
2
2
2
2
2
2
2
2
2
2
2
2
3
3
3
3
3
3
3
3
3
3
3
3
3
3
3
3
3
3
3
2
2
2
2
1
1
1
2
2
1
1
1
1
2
2
3
4
4
5
5
6
6
6
6
6
6
6
6
6
6
6
6
6
6
7
8
9
10
12
14
17
23
31
44
62
86
111
138
164
185
196
198
200
222
299
472
766
1184
1680
2193
2619
2895
3007
3018
3034
3152
3409
3762
4135
4466
4709
4867
4952
4987
4990
4975
4952
4924
4898
4879
4871
4875
4883
4871
4807
4645
4360
3949
3459
2950
2527
2252
2140
2128
2112
1992
1734
1380
1006
673
427
264
171
124
102
93
90
90
90
88
84
78
68
57
45
35
25
18
12
8
6
5
5
5
6
6
6
6
6
7
6
6
6
5
5
4
4
4
5
5
5
5
5
5
5
5
5
5
5
5
5
5
5
5
4
4
4
4
3
2
2
2
2
2
2
2
2
1
1
1
1
1
1
1
1
1
1
1
2
2
3
3
3
3
3
3
3
3
3
4
4
5
5
6
6
8
11
15
20
29
41
57
77
102
128
152
172
186
189
189
200
256
392
645
1012
1476
1964
2405
2712
2866
2897
2898
2962
3140
3415
3733
4038
4292
4479
4602
4681
4720
4730
4719
4696
4672
4652
4644
4651
4666
4670
4630
4508
4266
3906
3447
2962
2522
2216
2062
2030
2028
1964
1786
1510
1190
883
625
432
300
210
154
124
110
107
107
106
100
90
75
59
43
28
18
10
6
3
2
1
1
1
1
1
1
1
2
2
2
3
3
3
3
3
3
4
4
5
5
5
6
6
6
6
6
6
6
6
6
6
5
5
5
5
5
5
5
4
4
4
3
3
3
3
3
3
2
2
1
1
1
1
1
1
1
1
2
2
2
2
2
2
2
2
2
2
2
2
2
3
3
3
3
4
5
8
12
20
32
49
72
100
129
159
185
204
212
212
218
254
358
572
912
1360
1864
2344
2712
2914
2973
2973
3019
3177
3459
3799
4131
4404
4602
4723
4784
4805
4800
4779
4750
4720
4694
4676
4672
4678
4681
4654
4560
4355
4021
3578
3077
2599
2232
2030
1972
1972
1926
1767
1485
1145
812
536
333
205
131
93
75
69
67
67
67
66
62
56
47
37
28
19
13
8
5
3
2
2
1
1
2
2
2
2
3
3
3
3
3
3
3
3
3
3
3
3
3
3
3
4
4
4
3
3
3
3
3
3
3
3
2
2
2
2
1
1
1
1
1
1
1
1
1
1
1
1
1
1
1
1
1
1
2
2
3
3
4
4
4
4
4
4
4
4
5
5
6
7
8
9
10
12
14
18
25
35
50
69
93
121
149
174
193
200
200
207
252
372
601
948
1404
1909
2381
2741
2943
3007
3008
3041
3181
3432
3757
4089
4381
4607
4764
4861
4914
4931
4921
4897
4869
4844
4831
4832
4842
4847
4813
4704
4483
4142
3690
3188
2718
2358
2156
2091
2090
2056
1915
1663
1336
1003
708
479
316
207
140
104
90
87
87
85
79
71
60
48
37
26
18
12
8
6
4
4
3
3
4
4
4
4
5
5
5
5
5
5
4
4
4
4
4
4
4
4
4
4
4
4
3
3
3
3
3
3
3
3
3
2
2
2
2
1
1
1
1
1
1
1
1
1
1
1
1
0
0
0
0
0
1
1
1
1
2
2
3
3
3
3
3
3
4
4
4
4
5
5
6
8
9
12
17
24
36
52
75
101
129
159
187
207
218
218
222
255
359
567
893
1327
1823
2303
2677
2901
2980
2984
3008
3131
3371
3690
4022
4308
4522
4659
4737
4772
4774
4758
4734
4704
4676
4657
4651
4658
4662
4637
4541
4339
4018
3589
3096
2617
2244
2020
1941
1937
1913
1788
1548
1228
894
606
387
242
152
101
77
66
63
63
63
60
56
48
40
31
23
16
11
7
4
2
1
0
0
0
0
0
0
0
0
0
1
1
2
3
4
4
4
4
4
4
4
4
4
5
5
5
5
5
5
5
5
5
5
6
6
8
11
17
25
38
57
79
104
130
155
176
188
190
191
212
285
444
719
1108
1580
2060
2470
2740
2860
2876
2885
2975
3188
3495
3834
4140
4372
4520
4602
4637
4640
4626
4602
4576
4550
4530
4519
4521
4525
4511
4444
4291
4019
3634
3164
2686
2276
2006
1887
1871
1862
1772
1559
1251
912
605
370
216
126
78
56
48
46
45
45
45
43
40
35
29
23
17
13
10
8
6
6
5
5
5
5
5
6
6
6
5
5
5
4
4
4
4
4
4
4
4
4
4
4
3
3
2
2
2
2
2
2
1
1
1
1
1
1
1
1
1
1
0
0
0
0
0
0
0
0
0
0
0
0
0
0
0
0
0
0
0
0
0
0
0
0
0
0
0
0
0
0
0
0
0
0
0
0
0
0
0
0
0
0
0
0
0
0
0
0
0
0
0
1
1
1
2
3
5
8
12
18
28
41
59
80
100
121
139
150
152
152
167
223
355
585
918
1336
1777
2173
2449
2582
2604
2608
2688
2896
3215
3574
3906
4161
4325
4413
4449
4453
4441
4421
4400
4379
4362
4352
4351
4354
4344
4295
4169
3945
3615
3201
2762
2368
2092
1961
1939
1934
1854
1646
1326
966
632
374
206
113
67
49
44
43
43
43
43
42
40
37
32
26
19
13
9
6
4
2
2
1
1
0
0
0
0
0
0
0
0
1
1
1
1
1
1
1
1
1
1
1
1
1
1
1
1
1
1
1
1
1
1
1
1
1
1
1
1
1
0
0
0
0
0
0
0
0
0
0
0
0
0
0
0
0
0
0
0
0
0
0
0
0
0
0
0
0
0
0
0
0
0
1
1
1
1
1
2
3
6
11
18
29
44
63
85
108
129
145
153
155
156
175
240
381
621
961
1372
1798
2165
2406
2510
2522
2534
2635
2859
3172
3511
3798
4009
4136
4199
4221
4218
4203
4181
4158
4138
4122
4114
4114
4115
4100
4041
3906
3670
3334
2926
2502
2136
1896
1792
1780
1768
1668
1443
1130
790
502
288
156
85
53
42
38
37
37
37
37
36
35
32
28
22
17
12
8
5
3
2
1
1
1
0
0
1
1
1
1
1
1
1
1
1
1
1
1
1
1
1
1
1
1
1
1
1
1
1
1
1
1
1
1
0
0
0
0
0
0
0
0
0
0
0
0
0
0
0
0
0
0
0
0
0
0
0
0
0
0
0
0
1
1
1
1
1
1
1
1
2
2
3
4
5
6
7
8
11
14
19
26
34
44
53
62
68
72
74
74
78
100
164
296
515
816
1162
1496
1754
1894
1928
1930
2019
2313
2850
3540
4220
4731
5005
5095
5101
5097
5113
5147
5185
5220
5249
5275
5298
5316
5324
5308
5246
5114
4896
4595
4248
3915
3657
3516
3482
3480
3390
3095
2557
1866
1185
672
396
302
292
289
265
221
173
130
94
64
39
22
10
3
1
0
0
0
0
0
0
0
0
0
0
0
0
0
0
0
0
0
0
0
0
0
0
0
0
0
0
0
0
0
0
0
0
0
0
0
0
0
0
0
0
0
0
0
0
0
0
0
0
0
0
0
0
0
0
0
0
0
0
0
0
0
0
0
0
0
0
0
0
0
0
0
1
1
1
1
1
1
1
2
2
2
3
3
4
6
9
14
21
32
47
66
88
113
137
158
172
178
178
185
226
334
541
855
1258
1707
2117
2425
2592
2640
2640
2681
2830
3093
3419
3737
4004
4197
4318
4381
4405
4403
4387
4364
4340
4320
4307
4306
4314
4316
4285
4186
3987
3680
3280
2834
2425
2119
1951
1904
1904
1863
1713
1449
1123
802
532
335
207
133
95
77
71
69
69
69
66
62
54
45
35
25
17
10
6
4
2
1
1
1
1
1
1
1
1
2
2
2
2
2
2
2
2
2
2
2
2
3
3
3
2
2
2
2
2
2
2
2
2
2
2
2
2
2
1
1
1
1
1
1
1
1
1
1
1
1
0
0
0
0
0
1
1
1
1
1
1
1
1
2
2
2
2
2
2
2
2
3
3
4
4
5
7
9
13
19
28
40
56
76
99
123
144
160
167
168
170
196
273
436
705
1080
1528
1985
2366
2618
2723
2735
2747
2847
3071
3390
3735
4033
4254
4393
4465
4493
4496
4483
4463
4440
4419
4403
4396
4397
4397
4376
4305
4149
3885
3516
3073
2620
2240
1989
1885
1872
1860
1760
1535
1215
869
568
344
199
119
78
59
52
49
48
48
48
48
46
44
39
32
26
19
14
9
6
4
3
2
2
2
2
2
2
2
2
3
3
3
3
3
2
2
2
3
3
3
3
3
3
3
3
3
3
2
2
2
2
2
2
2
2
2
2
1
1
1
1
1
1
1
1
1
0
0
0
0
0
0
0
0
0
1
1
1
2
2
2
2
3
3
3
3
3
3
3
3
4
4
5
5
7
9
12
18
26
39
57
78
102
130
158
182
199
205
205
213
261
385
614
961
1402
1882
2323
2643
2815
2863
2863
2903
3048
3299
3605
3910
4171
4363
4491
4568
4604
4613
4602
4578
4550
4526
4512
4513
4524
4528
4492
4378
4158
3818
3382
2905
2466
2147
1975
1927
1927
1886
1741
1489
1181
874
610
413
276
186
133
103
89
85
85
84
80
73
62
50
38
27
18
11
6
3
1
1
0
0
0
0
0
0
0
1
1
1
2
2
2
2
2
2
2
2
2
2
3
3
3
3
3
4
4
4
4
4
4
3
3
3
3
3
3
2
2
2
2
1
1
1
1
2
1
1
1
1
1
0
0
0
0
0
0
0
0
0
1
1
1
1
1
1
1
1
1
1
2
2
3
4
4
6
7
10
14
20
31
46
67
93
123
155
184
209
223
226
227
246
322
500
807
1240
1761
2299
2755
3062
3198
3219
3227
3323
3552
3891
4271
4615
4887
5068
5173
5226
5239
5228
5202
5171
5141
5118
5108
5111
5119
5109
5043
4875
4575
4147
3630
3094
2639
2333
2198
2177
2169
2072
1842
1502
1121
774
498
310
194
127
93
78
73
73
73
71
67
60
52
42
31
22
14
9
6
4
2
1
0
0
0
0
0
0
0
1
1
1
1
1
1
1
1
1
1
1
2
2
2
2
2
3
3
3
3
3
3
2
2
2
2
2
2
2
2
2
1
1
1
1
1
1
1
1
1
1
1
0
0
0
0
0
0
0
0
0
0
0
0
0
1
1
1
1
1
1
1
1
2
3
4
5
6
8
10
13
19
28
43
62
85
111
137
161
180
190
191
194
221
311
499
806
1224
1712
2192
2588
2834
2927
2934
2954
3078
3340
3700
4080
4404
4642
4786
4856
4878
4872
4853
4828
4802
4778
4759
4752
4754
4757
4735
4653
4473
4171
3757
3272
2793
2398
2152
2059
2052
2031
1907
1643
1283
901
575
334
184
104
68
55
51
50
50
50
49
47
44
38
32
24
17
11
7
4
3
2
1
0
0
0
0
0
0
0
0
0
0
0
0
0
0
0
0
0
0
0
0
0
1
1
1
1
1
1
1
1
1
1
1
1
1
0
0
0
0
0
0
0
0
0
0
0
0
0
0
0
0
0
0
0
0
0
1
1
2
2
3
3
3
3
3
3
3
3
4
4
5
5
6
6
8
9
12
15
21
29
43
60
83
110
140
168
192
206
211
210
224
289
443
713
1101
1581
2094
2542
2862
3021
3054
3055
3119
3301
3594
3939
4270
4542
4740
4868
4938
4968
4972
4954
4927
4899
4876
4866
4870
4882
4881
4828
4685
4423
4040
3564
3054
2608
2289
2130
2097
2096
2031
1849
1554
1207
874
598
395
259
175
127
101
91
88
88
87
82
73
61
48
36
25
17
11
7
5
3
2
1
1
1
1
1
2
2
2
3
3
3
3
3
3
3
2
2
3
3
3
3
3
3
3
3
3
3
3
3
3
3
3
2
2
2
2
2
1
1
1
1
1
1
1
1
1
0
0
0
0
0
0
0
0
0
0
0
0
0
0
0
0
1
1
1
1
1
1
1
1
1
2
2
3
4
5
8
13
21
33
51
73
100
129
161
191
214
225
226
229
261
361
575
921
1401
1956
2510
2951
3221
3318
3324
3351
3496
3784
4165
4559
4896
5144
5303
5392
5431
5434
5419
5392
5360
5331
5310
5305
5313
5319
5298
5208
5004
4665
4189
3638
3085
2646
2377
2280
2275
2247
2102
1814
1432
1036
696
444
276
175
120
94
83
80
80
80
78
72
63
54
43
32
23
15
11
8
6
5
4
4
4
4
4
5
5
6
6
7
7
7
6
6
6
6
6
6
6
6
7
7
7
7
7
7
7
6
6
6
6
5
5
5
4
4
4
3
2
2
2
2
2
2
2
2
1
1
1
1
1
0
0
0
1
1
1
1
2
2
2
3
3
3
3
3
3
3
3
4
5
6
7
9
11
15
22
32
49
71
99
131
165
199
229
251
260
260
267
315
452
715
1118
1639
2211
2732
3114
3311
3362
3362
3428
3635
3967
4362
4726
5011
5197
5298
5338
5342
5323
5294
5260
5226
5196
5176
5169
5175
5175
5135
5007
4750
4353
3836
3267
2749
2368
2171
2121
2120
2053
1845
1511
1115
748
460
267
155
99
73
63
61
60
60
60
58
55
49
42
33
25
17
12
8
4
2
1
1
0
0
0
0
0
0
1
1
1
1
1
1
1
1
1
1
1
1
1
1
1
1
1
1
1
1
1
1
1
1
1
1
1
1
1
1
1
1
1
0
0
0
0
0
0
0
0
0
0
0
0
0
0
0
0
0
1
1
1
2
2
2
2
2
2
2
3
3
3
4
4
4
5
6
8
11
17
27
40
58
80
104
130
154
173
184
186
187
207
277
436
706
1087
1544
2008
2389
2635
2732
2741
2758
2870
3099
3399
3705
3961
4150
4273
4340
4372
4381
4373
4355
4331
4307
4288
4280
4284
4290
4279
4218
4068
3804
3427
2974
2512
2131
1885
1789
1781
1763
1651
1421
1120
813
555
363
235
158
113
87
73
66
65
65
64
61
56
48
39
29
21
15
11
8
6
5
4
3
3
3
3
3
4
4
4
4
4
3
3
3
3
2
2
3
3
3
3
3
2
2
2
2
2
2
2
2
2
1
1
1
1
1
1
1
1
1
1
1
1
1
1
1
1
0
0
0
0
0
0
1
1
1
1
2
2
2
2
3
3
3
3
3
3
3
4
5
5
6
7
9
11
14
17
23
30
42
60
84
112
142
169
192
205
208
208
229
302
465
747
1143
1623
2127
2561
2855
2991
3012
3019
3112
3335
3667
4039
4383
4656
4838
4946
5002
5018
5007
4983
4953
4926
4907
4900
4906
4917
4910
4848
4695
4419
4027
3550
3048
2616
2322
2186
2163
2156
2062
1838
1505
1130
783
507
320
204
137
103
89
85
85
85
81
75
65
53
40
28
19
12
8
6
4
3
2
2
2
2
3
3
3
3
3
3
3
3
3
3
3
3
3
3
3
3
3
3
4
4
4
4
4
4
4
4
4
3
3
3
2
2
2
2
2
2
2
2
2
2
2
2
2
2
2
2
2
2
2
2
2
2
2
3
3
3
3
4
4
4
4
4
4
4
4
5
6
7
8
9
10
12
14
18
24
34
47
64
87
111
135
155
170
175
175
182
225
337
550
870
1281
1737
2155
2475
2652
2705
2704
2742
2886
3137
3449
3755
4005
4178
4280
4329
4344
4340
4322
4299
4275
4254
4240
4236
4239
4235
4198
4092
3885
3569
3162
2708
2291
1972
1795
1743
1743
1704
1559
1307
993
686
434
256
148
89
62
49
44
43
43
43
42
41
38
34
28
22
17
12
9
7
6
5
4
4
4
5
5
6
6
6
7
7
7
7
6
6
6
5
5
6
6
6
6
6
6
6
6
5
5
5
5
4
4
4
4
3
3
2
2
2
1
1
1
1
1
1
1
1
1
1
1
1
1
1
1
1
2
2
2
2
3
3
3
3
4
4
4
4
4
4
4
5
6
6
7
8
9
11
13
18
27
39
56
78
104
132
160
184
201
208
208
214
255
367
580
906
1317
1758
2154
2436
2585
2626
2625
2656
2767
2959
3193
3427
3621
3766
3862
3921
3946
3950
3937
3915
3888
3864
3847
3841
3846
3846
3812
3709
3503
3182
2775
2338
1944
1663
1514
1473
1473
1441
1329
1137
902
666
469
319
215
144
101
75
62
57
56
56
56
54
49
43
35
27
19
14
10
7
6
5
5
6
8
10
14
19
26
32
39
43
46
46
46
46
46
48
50
53
56
59
62
64
65
66
67
67
66
66
66
65
64
63
61
58
54
50
44
40
37
40
50
65
86
110
136
160
180
191
194
190
198
247
374
603
949
1382
1846
2264
2565
2719
2756
2756
2807
2961
3213
3507
3789
4016
4175
4272
4319
4335
4329
4310
4286
4260
4237
4224
4222
4227
4222
4177
4055
3830
3487
3056
2593
2175
1875
1721
1685
1685
1634
1480
1228
933
651
422
259
155
97
65
50
45
43
43
43
41
38
33
27
21
15
11
8
6
5
5
4
4
4
4
5
5
5
5
6
6
5
5
4
4
4
4
4
4
4
5
5
5
5
5
5
4
4
4
3
3
3
3
2
2
2
2
2
1
1
1
1
1
1
0
0
0
0
0
0
0
0
0
0
0
0
0
0
0
0
0
0
0
0
0
0
0
0
0
0
0
0
0
1
1
1
1
1
1
1
1
1
1
1
1
1
1
1
1
1
2
3
4
5
7
11
18
29
44
63
87
113
139
163
182
191
191
196
234
347
565
898
1324
1796
2237
2577
2775
2842
2844
2870
2989
3218
3518
3824
4086
4280
4404
4470
4497
4498
4485
4463
4439
4416
4396
4388
4389
4387
4354
4250
4040
3714
3294
2826
2388
2050
1854
1788
1786
1760
1640
1411
1110
803
539
341
209
132
92
71
60
56
54
53
53
53
52
49
43
36
27
20
14
10
7
5
4
3
2
2
2
2
2
2
2
2
2
2
2
2
2
2
2
2
2
2
2
2
2
2
2
2
2
1
1
1
1
1
1
1
2
2
3
3
4
4
5
5
5
5
8
17
33
55
81
107
128
143
151
155
155
155
159
171
195
234
287
352
416
477
533
576
603
612
612
617
650
730
854
994
1120
1195
1217
1202
1176
1155
1146
1146
1151
1157
1163
1168
1167
1157
1134
1096
1043
978
914
852
796
753
725
715
715
709
675
595
471
330
202
119
80
73
73
68
56
41
28
18
12
7
4
1
0
0
0
0
0
0
0
0
0
0
0
0
0
0
1
1
3
4
5
8
10
12
14
16
16
16
17
22
33
51
73
97
120
138
150
156
159
159
159
163
176
196
224
254
281
305
320
328
331
330
328
328
335
353
382
421
454
471
470
455
432
409
390
376
368
365
366
369
372
370
360
341
313
283
255
231
215
207
203
202
202
200
191
171
141
103
69
46
37
35
35
33
30
26
22
19
15
12
9
6
4
3
2
2
2
2
2
1
0
0
0
0
0
0
1
2
3
4
5
7
9
10
11
12
12
13
17
28
46
67
89
110
128
140
146
148
148
149
155
168
189
215
243
269
290
306
315
321
322
320
320
328
348
378
412
439
452
448
431
410
389
370
355
344
339
338
339
340
337
325
307
282
254
228
206
190
179
173
171
171
169
159
138
108
74
46
29
22
22
21
20
18
16
14
13
12
10
9
7
4
2
1
1
1
1
0
0
0
0
0
0
0
0
1
1
2
3
5
7
8
10
12
12
12
13
15
24
39
60
84
106
126
138
144
146
146
147
153
166
187
213
239
263
280
290
295
296
294
293
294
301
315
339
367
393
406
404
390
369
347
328
312
304
299
299
300
300
296
284
266
242
217
193
175
164
159
158
158
159
157
148
132
108
80
54
38
31
30
30
29
26
22
18
16
14
13
12
11
9
7
5
4
3
3
3
3
2
2
1
0
0
1
2
3
4
7
10
13
16
20
22
23
24
24
30
46
74
115
161
206
245
273
289
295
295
297
309
337
380
433
486
532
563
579
585
584
582
580
582
593
617
650
686
713
722
710
682
643
603
565
533
509
496
491
492
490
478
450
407
353
300
255
223
205
197
195
195
194
188
174
148
113
77
49
34
30
30
28
23
15
9
5
2
1
0
0
0
0
0
0
0
0
0
0
0
0
0
0
0
0
1
1
3
4
6
9
12
14
17
18
19
19
20
26
43
73
116
167
217
258
286
301
305
305
308
321
351
402
469
549
632
708
766
805
822
824
821
828
860
923
1013
1114
1199
1249
1257
1231
1188
1144
1106
1083
1073
1073
1078
1084
1083
1070
1040
990
923
845
763
688
631
590
571
566
566
557
523
458
368
267
181
125
100
96
96
90
77
59
41
27
17
11
9
8
8
8
7
5
4
2
1
0
0
0
0
0
0
0
0
1
3
5
9
13
18
22
26
29
30
30
31
37
51
78
112
150
187
217
236
247
251
251
251
255
269
293
327
366
399
425
439
446
447
446
441
436
435
443
463
495
528
549
546
522
488
452
421
398
383
376
374
374
374
370
357
333
298
260
226
200
184
174
169
167
167
167
164
153
132
100
66
40
28
25
25
23
18
11
6
3
1
1
0
0
0
0
0
0
0
0
0
0
0
0
0
0
0
0
0
0
1
2
4
7
12
18
24
30
34
36
36
37
43
60
88
124
162
195
219
232
238
239
239
240
247
262
288
329
387
458
534
600
646
667
666
662
682
747
855
989
1121
1218
1265
1266
1239
1205
1177
1163
1159
1164
1171
1179
1184
1185
1180
1166
1140
1099
1040
970
893
826
778
753
750
748
722
651
539
403
270
173
120
102
101
99
88
70
49
32
19
10
5
2
1
0
0
0
0
0
0
0
0
0
0
0
0
0
0
0
2
3
5
8
11
16
21
25
28
29
29
31
43
68
104
147
190
229
255
270
275
276
276
280
294
320
358
412
473
540
603
658
699
720
725
720
726
763
843
958
1078
1177
1229
1233
1204
1161
1119
1086
1068
1062
1064
1072
1079
1083
1076
1056
1020
969
908
840
776
720
677
653
646
647
636
595
512
396
276
175
110
82
75
75
73
68
60
52
43
34
27
19
13
7
4
2
2
2
2
1
1
0
0
0
0
0
0
0
1
2
4
6
8
11
15
18
21
23
23
23
25
32
52
84
124
168
206
234
250
257
258
258
264
280
310
356
411
473
534
588
632
662
676
675
673
687
733
811
907
1001
1067
1096
1087
1056
1016
975
941
917
904
900
902
903
900
886
860
818
765
705
644
588
542
510
494
492
491
474
426
346
248
155
87
51
40
39
39
36
32
28
25
22
20
18
16
13
10
6
3
1
0
0
0
0
0
0
0
0
0
0
1
1
3
4
6
9
12
14
17
19
20
20
20
25
39
63
95
131
165
193
211
220
222
222
224
232
250
280
321
366
414
458
498
528
544
546
543
549
581
644
726
809
870
897
894
870
839
809
785
768
759
756
757
759
758
750
733
703
662
616
568
523
482
450
432
428
428
419
385
320
237
154
92
60
50
50
48
42
32
21
13
7
4
2
1
0
0
0
0
0
0
0
0
0
0
0
0
0
0
0
0
1
1
3
4
6
9
12
16
18
20
20
20
23
33
54
86
124
163
195
217
231
235
236
236
239
249
270
304
352
410
474
535
587
622
636
636
634
650
695
770
857
937
987
1002
987
955
921
893
875
864
857
855
855
855
852
842
822
788
740
681
616
555
501
465
449
447
445
426
378
301
215
135
81
57
52
52
47
36
23
11
4
1
1
1
1
1
1
1
0
0
0
0
0
0
0
0
0
0
0
1
2
3
5
7
9
12
15
19
21
23
23
23
26
34
55
91
139
193
238
274
295
305
307
307
312
326
358
409
476
559
648
730
796
835
848
846
849
877
948
1055
1178
1287
1358
1384
1370
1334
1290
1248
1217
1195
1186
1185
1188
1191
1188
1174
1142
1091
1024
941
851
767
700
659
643
642
637
605
531
423
299
190
117
83
75
75
71
60
46
31
19
10
6
3
1
1
0
0
0
0
0
0
0
0
0
0
0
0
1
2
3
5
9
13
18
23
30
36
42
46
47
47
49
57
78
116
170
231
293
346
382
402
408
408
410
420
444
487
551
633
729
824
907
968
997
999
993
1006
1062
1170
1318
1468
1586
1648
1654
1618
1566
1514
1470
1439
1424
1421
1424
1429
1431
1423
1399
1356
1292
1208
1111
1014
927
863
829
821
821
802
740
628
478
329
209
138
112
109
108
98
80
58
37
21
11
6
2
1
0
0
0
0
0
0
0
0
0
0
0
0
0
0
0
1
2
4
7
12
18
24
32
38
44
47
48
48
54
72
106
154
213
272
322
361
385
397
400
400
405
422
456
505
560
613
655
685
704
711
710
703
698
705
729
776
834
887
916
913
881
833
777
723
679
647
630
624
627
632
631
616
583
535
479
426
384
353
331
319
315
315
313
300
270
219
160
107
73
58
55
55
53
47
41
34
28
21
16
11
7
4
3
3
3
2
1
1
0
0
0
0
0
0
0
1
2
3
6
9
13
17
21
25
28
29
29
30
37
57
93
144
200
253
296
324
338
341
341
345
360
390
435
494
561
628
691
746
786
806
808
804
813
850
921
1014
1107
1177
1210
1205
1171
1121
1067
1017
978
953
942
941
943
942
930
904
863
808
743
677
613
557
514
492
487
487
473
433
359
265
172
101
60
46
44
44
41
37
33
30
28
26
24
21
18
14
10
5
3
2
1
1
1
1
0
0
0
0
0
0
1
2
4
6
9
12
16
20
23
24
24
26
37
60
94
135
175
210
232
244
248
248
249
254
267
290
322
360
403
448
491
528
557
572
574
571
578
610
672
758
844
906
929
917
883
844
809
785
772
767
768
771
773
769
757
735
703
664
621
575
532
494
464
446
441
441
430
394
330
243
156
92
58
48
48
46
39
30
20
13
8
5
2
1
0
0
0
0
0
0
0
0
0
0
0
0
0
0
0
0
0
1
2
4
6
9
13
18
22
25
26
26
29
41
65
99
140
179
213
237
251
256
257
257
261
275
299
335
383
442
503
564
616
658
682
687
683
687
717
785
885
989
1069
1105
1097
1065
1024
991
965
949
943
943
944
945
942
929
904
868
820
761
700
638
585
542
516
507
507
499
464
394
293
189
105
57
41
39
39
34
26
17
9
5
2
1
0
0
0
0
0
0
0
0
0
0
0
0
0
0
0
0
0
0
0
1
2
3
6
9
13
17
20
21
21
22
27
40
65
97
133
167
195
213
222
225
225
227
235
253
283
324
372
422
470
515
553
579
588
586
586
606
662
751
855
945
999
1010
989
957
926
901
885
879
878
880
884
884
877
860
830
790
742
691
643
597
559
531
519
518
514
490
431
341
236
146
88
63
59
59
54
45
33
22
13
8
4
2
1
0
0
0
0
0
0
0
0
0
0
0
0
0
0
0
1
1
2
3
5
7
9
11
13
15
16
16
16
18
26
40
63
91
121
149
170
184
192
195
195
195
199
210
229
261
306
361
428
494
554
598
617
617
618
647
723
843
983
1109
1189
1217
1205
1177
1151
1137
1135
1140
1147
1154
1159
1162
1160
1150
1132
1100
1054
998
931
863
802
756
735
733
729
699
623
503
363
235
148
105
94
94
90
77
57
38
24
14
8
5
3
2
1
1
1
1
1
1
1
1
1
1
1
1
1
1
1
2
4
6
8
11
13
14
16
17
19
19
19
20
25
39
63
95
131
165
193
212
223
227
227
228
235
252
284
328
378
427
469
501
519
526
526
525
532
556
601
662
727
776
799
795
771
741
713
692
679
673
674
679
686
691
688
672
640
597
549
504
468
439
422
413
412
411
403
377
333
272
208
159
132
123
123
122
113
100
85
72
60
52
44
39
35
33
33
33
30
24
18
12
9
8
8
8
7
7
6
5
5
5
5
6
7
8
10
12
13
13
13
13
15
19
30
48
74
104
138
168
192
208
216
217
217
221
236
266
317
387
473
565
651
716
753
764
762
772
817
903
1019
1143
1243
1299
1315
1302
1276
1251
1226
1208
1196
1189
1189
1193
1196
1193
1179
1149
1098
1028
941
847
761
693
655
643
643
631
585
498
382
258
158
96
70
65
65
60
51
39
27
17
9
5
2
1
0
0
0
0
0
0
0
0
0
0
0
0
0
0
0
0
0
0
0
0
1
3
5
7
9
11
12
12
12
14
19
30
48
70
95
119
140
154
163
166
166
169
184
214
259
318
386
453
514
557
578
581
580
599
656
748
855
956
1027
1061
1066
1056
1041
1028
1017
1006
996
988
983
983
985
982
968
938
892
834
767
700
638
595
573
569
567
546
487
394
286
185
114
78
67
67
64
55
42
28
17
11
7
4
3
2
2
1
2
1
1
1
0
0
0
0
0
0
0
0
0
0
0
1
2
5
8
12
15
18
19
19
19
19
20
22
27
39
60
86
116
146
172
192
202
206
206
208
222
254
307
381
467
553
629
682
709
712
709
719
763
846
954
1062
1149
1197
1213
1205
1184
1160
1136
1114
1096
1084
1081
1084
1090
1091
1080
1050
997
923
836
750
674
618
588
581
581
569
523
440
332
223
137
86
65
61
61
59
53
45
37
29
22
15
10
6
3
2
1
1
1
1
1
0
0
0
0
0
0
0
0
0
1
2
5
8
13
17
21
24
26
27
27
27
32
46
72
110
158
209
255
287
304
310
310
314
332
368
424
498
578
654
724
778
812
823
820
820
840
895
983
1087
1174
1229
1251
1243
1217
1179
1135
1088
1046
1016
999
994
995
992
976
941
887
814
734
658
587
531
495
480
479
476
451
393
303
198
111
55
29
24
24
23
19
15
12
10
9
8
7
6
5
3
2
1
1
1
1
1
1
1
1
1
1
1
1
1
1
1
3
4
6
9
12
16
20
23
26
27
27
28
36
55
91
142
198
254
297
325
337
338
339
349
373
416
478
548
619
680
729
762
777
779
775
782
814
879
966
1055
1122
1157
1162
1143
1109
1065
1018
973
938
916
907
908
908
899
875
832
770
700
630
568
517
483
466
462
461
451
414
347
257
167
99
63
51
50
49
42
33
22
14
8
5
3
1
1
1
1
1
1
1
1
1
1
1
1
1
1
1
1
1
2
2
3
4
8
12
18
23
26
28
28
28
29
32
40
58
88
128
176
224
265
293
306
309
309
315
332
366
417
484
561
644
727
795
843
861
857
856
883
952
1052
1161
1247
1294
1301
1285
1257
1223
1187
1151
1118
1093
1081
1078
1078
1072
1055
1021
970
903
826
743
659
589
539
517
515
511
482
411
310
202
116
65
49
48
46
39
27
15
7
4
3
3
3
3
3
3
4
4
5
5
5
5
5
4
4
3
3
3
3
3
4
5
7
10
13
16
19
23
28
33
35
35
37
46
74
124
191
264
328
374
398
406
406
408
420
446
489
551
627
710
793
865
919
951
959
956
961
993
1062
1162
1271
1361
1416
1429
1405
1354
1290
1224
1169
1132
1114
1111
1114
1114
1103
1078
1035
973
896
813
730
656
600
566
555
555
547
510
437
332
220
130
74
52
48
48
44
37
27
19
12
7
5
3
2
1
1
1
1
1
1
1
1
1
1
1
2
2
3
4
6
8
12
16
20
26
32
36
40
43
43
43
45
55
75
109
157
211
264
307
337
353
359
359
360
365
380
404
439
486
540
596
649
691
716
724
720
716
729
767
832
905
970
1008
1012
984
936
885
838
803
782
773
772
776
777
772
758
734
698
650
594
535
479
433
403
390
388
387
371
330
265
192
124
76
52
45
45
43
36
28
19
12
7
4
2
0
0
0
0
0
0
0
0
0
0
0
0
0
0
0
0
0
0
0
1
3
8
17
29
44
58
72
80
83
84
84
91
107
137
183
239
295
345
386
412
424
427
427
429
440
463
501
557
631
713
801
876
924
938
927
915
934
1005
1122
1258
1373
1444
1464
1444
1398
1345
1298
1261
1236
1225
1224
1228
1233
1233
1223
1201
1162
1106
1033
950
860
780
724
698
694
691
659
579
459
322
206
130
93
84
84
81
71
58
42
27
16
9
4
1
1
0
0
0
0
0
0
0
0
0
0
0
0
0
0
0
0
1
3
5
9
13
17
22
27
31
34
34
34
38
50
72
106
147
190
229
259
280
291
294
294
296
304
325
359
402
448
490
525
550
566
573
571
566
565
575
605
652
708
756
778
770
739
698
657
622
598
583
578
579
583
585
579
561
528
486
440
397
361
333
314
303
300
300
297
282
250
202
146
95
61
47
43
43
42
38
32
26
21
16
12
9
5
3
2
1
1
1
1
1
0
0
0
0
0
0
0
0
0
1
1
3
4
6
8
10
12
14
14
14
15
19
31
52
82
118
152
180
199
208
210
210
212
219
235
262
300
346
396
444
488
526
552
564
564
563
574
611
678
761
841
896
914
904
874
838
806
782
766
760
760
761
760
754
739
715
677
632
582
534
489
450
422
409
406
405
392
354
286
203
123
64
34
23
22
22
20
17
13
11
9
8
7
5
4
3
1
1
0
0
1
1
1
1
1
1
1
1
1
2
3
4
5
7
9
12
14
16
17
18
19
19
20
25
39
63
97
138
176
208
230
241
244
244
247
259
285
326
379
440
504
561
605
635
648
649
647
656
688
749
835
926
998
1038
1041
1018
985
951
925
906
895
891
893
896
894
883
858
817
764
702
638
580
535
504
490
487
486
475
441
380
293
203
130
84
68
68
67
59
47
34
23
16
11
8
7
6
5
5
5
5
5
4
3
3
2
2
2
2
2
2
1
1
1
2
3
4
7
10
13
17
19
21
21
21
22
24
33
51
81
119
160
198
231
251
262
265
265
268
281
311
360
424
498
574
640
691
723
733
730
731
753
804
884
974
1047
1090
1099
1084
1054
1022
992
966
943
929
921
919
920
916
903
873
825
762
689
612
545
491
457
444
443
439
415
362
282
192
118
73
55
53
53
46
35
23
14
7
5
4
3
3
4
4
3
2
2
1
1
1
1
1
1
1
1
1
1
1
2
2
4
6
8
12
16
20
23
25
26
26
27
35
54
88
133
187
237
278
304
316
320
320
322
334
359
399
455
522
596
665
726
769
791
793
789
797
830
893
972
1049
1106
1132
1128
1096
1051
999
953
919
898
891
892
895
894
882
858
817
761
694
620
550
488
442
418
412
412
400
364
299
219
142
84
50
35
32
32
31
26
19
14
9
5
2
0
0
0
0
0
0
0
0
0
0
0
0
0
0
0
0
1
2
3
6
9
14
21
28
37
44
50
53
54
54
59
73
103
149
208
269
323
361
386
395
397
397
402
418
450
497
564
644
732
820
887
925
932
924
928
971
1059
1180
1307
1404
1458
1466
1440
1394
1341
1291
1253
1229
1217
1215
1218
1220
1217
1202
1170
1122
1055
975
884
794
724
681
668
668
656
605
511
387
259
162
103
81
77
77
71
59
45
30
18
10
6
3
1
0
0
0
0
0
0
0
0
0
0
0
0
0
0
0
0
0
1
2
4
7
11
15
19
21
22
22
22
25
34
50
76
110
146
178
203
217
224
225
225
228
240
264
303
354
412
474
532
579
609
618
614
615
640
699
788
885
968
1022
1037
1027
1001
968
938
914
899
893
893
898
902
903
894
871
833
782
723
662
603
555
523
511
511
506
478
416
326
229
145
89
65
59
59
58
52
44
34
25
19
13
9
5
2
1
0
0
0
0
0
0
0
0
0
0
0
0
0
0
0
0
1
3
5
9
12
15
17
19
19
19
19
22
28
43
69
107
153
199
235
259
270
272
272
279
302
343
402
472
546
619
683
732
759
766
764
766
792
852
944
1049
1139
1196
1215
1207
1181
1144
1103
1064
1035
1018
1012
1016
1019
1015
995
956
898
828
754
680
616
565
535
525
524
519
491
430
336
232
141
83
56
50
50
48
43
37
29
23
17
12
8
5
3
1
1
0
0
0
0
0
0
0
0
0
0
0
0
0
0
1
2
4
6
8
10
13
15
17
17
17
18
24
37
58
88
125
165
204
234
255
264
266
267
275
301
352
425
519
619
716
791
840
859
859
859
881
938
1034
1149
1254
1329
1364
1364
1344
1316
1286
1256
1229
1210
1198
1194
1196
1198
1190
1165
1114
1041
947
846
749
672
622
601
599
596
572
513
416
300
195
118
77
64
63
62
56
45
33
22
13
8
4
2
0
0
0
0
0
0
0
0
0
0
0
0
0
0
0
0
0
1
2
3
6
8
12
14
16
18
19
19
19
22
29
46
74
112
158
206
249
281
300
306
306
309
323
355
409
482
569
658
737
797
831
843
841
842
864
916
995
1085
1165
1213
1228
1216
1188
1154
1118
1083
1053
1032
1020
1018
1020
1018
1003
971
919
846
761
673
594
533
496
482
481
477
453
400
321
231
152
101
79
75
75
71
61
48
35
24
17
13
11
11
11
10
10
8
7
5
4
4
4
4
3
3
3
3
2
2
2
2
3
5
8
11
14
18
21
24
25
25
25
30
46
78
126
185
244
295
331
350
357
357
359
373
403
453
521
604
690
773
842
891
914
916
913
925
969
1053
1164
1276
1362
1408
1410
1380
1332
1279
1231
1194
1168
1158
1157
1160
1159
1147
1118
1067
1000
916
830
746
676
625
599
594
593
579
530
444
332
219
133
82
65
62
62
56
45
32
21
13
7
4
2
1
0
0
0
0
0
0
0
0
0
0
0
0
0
0
0
1
2
4
6
9
13
18
23
30
36
40
43
44
44
45
52
68
100
150
212
276
330
368
387
394
394
395
403
420
452
503
572
657
752
846
922
965
977
971
974
1012
1103
1234
1375
1490
1557
1575
1550
1499
1442
1390
1353
1330
1324
1326
1332
1334
1329
1312
1280
1229
1159
1072
975
878
798
750
732
732
723
680
587
454
313
197
124
90
83
83
78
66
50
34
21
12
6
3
1
0
0
0
0
0
0
0
0
0
0
0
0
0
0
0
0
1
1
3
5
7
11
14
18
22
25
26
27
27
29
36
56
90
135
189
239
278
304
316
319
319
323
338
368
418
485
565
647
723
782
818
831
829
829
849
905
997
1105
1202
1268
1294
1285
1251
1206
1157
1113
1082
1063
1058
1060
1065
1065
1053
1025
975
907
827
744
667
606
567
551
550
546
522
463
370
261
164
97
63
53
52
52
47
41
33
26
19
14
9
5
2
1
0
0
0
0
0
0
0
0
0
0
0
0
0
0
1
2
3
5
8
12
16
20
24
26
28
28
29
33
50
82
130
189
247
298
332
351
357
357
359
371
397
441
499
569
646
721
787
833
857
860
856
865
907
984
1084
1181
1254
1290
1288
1259
1211
1154
1098
1052
1021
1005
1003
1007
1009
1002
981
941
885
816
740
663
595
547
521
515
514
501
455
375
275
177
104
63
48
46
46
44
41
37
33
30
27
23
18
13
8
4
2
1
0
0
0
0
0
0
0
0
0
0
0
0
1
2
4
6
9
12
14
17
18
19
19
21
28
46
76
116
160
200
232
253
264
267
267
269
276
294
324
369
425
489
553
611
657
687
698
696
696
714
764
846
944
1029
1083
1095
1074
1033
991
955
930
915
909
909
911
912
905
889
860
816
762
699
635
576
528
496
483
481
479
458
407
324
227
140
79
49
40
40
39
34
28
21
17
13
11
10
9
7
6
5
3
2
1
1
1
1
1
1
1
1
1
1
1
1
1
1
2
3
4
5
7
9
10
11
11
11
12
17
28
45
70
100
132
162
186
202
210
211
211
215
227
253
294
349
417
487
556
614
654
670
670
672
694
755
852
964
1060
1120
1139
1129
1105
1078
1055
1037
1024
1018
1017
1020
1023
1021
1010
984
943
887
820
749
679
620
579
562
560
557
532
471
374
261
164
100
70
62
62
59
50
38
26
17
10
5
3
1
0
0
0
0
0
0
0
0
0
0
0
0
0
0
0
0
0
1
2
4
6
9
12
16
19
22
23
23
23
27
39
64
100
146
196
239
274
294
304
306
306
310
325
357
408
475
554
640
719
785
828
847
846
845
866
928
1028
1144
1248
1314
1336
1321
1284
1241
1199
1169
1148
1141
1141
1146
1150
1148
1133
1101
1051
984
905
819
739
672
626
606
603
600
576
511
410
294
190
119
85
77
77
74
66
53
39
26
16
9
5
3
3
3
2
2
1
0
0
0
0
0
0
0
0
0
0
0
0
1
2
4
7
10
14
18
23
28
31
33
33
34
42
63
99
152
214
273
321
353
369
373
373
377
393
427
483
560
646
735
818
883
921
932
929
932
964
1036
1137
1247
1337
1390
1403
1385
1349
1300
1247
1199
1160
1136
1125
1123
1125
1122
1106
1072
1016
940
853
763
679
612
571
557
556
549
512
436
331
219
129
76
55
51
51
47
39
28
18
11
6
3
2
0
0
0
0
0
0
0
0
0
0
0
0
0
0
0
0
0
0
0
2
4
8
14
21
28
37
45
52
56
57
57
61
78
112
165
233
303
368
418
452
469
472
472
479
504
554
634
739
858
981
1083
1152
1181
1180
1175
1196
1268
1389
1535
1671
1764
1807
1805
1771
1720
1663
1611
1565
1532
1511
1504
1505
1507
1501
1477
1426
1346
1241
1121
997
893
819
785
780
777
747
667
539
390
253
160
111
98
98
95
84
67
48
30
17
8
3
1
0
0
0
0
0
0
0
0
0
0
0
0
0
0
0
0
0
0
1
2
4
8
13
18
24
30
35
37
38
38
41
51
74
113
161
214
262
301
325
337
340
340
343
356
384
432
500
583
669
751
817
858
871
867
866
890
956
1058
1169
1266
1325
1342
1326
1288
1241
1193
1152
1121
1104
1100
1104
1111
1115
1107
1081
1034
967
884
797
714
647
601
584
583
578
548
477
373
261
164
102
74
67
67
66
61
54
46
39
31
24
16
10
5
2
1
1
1
1
0
0
0
0
0
0
0
0
0
0
1
1
3
6
10
14
19
23
27
30
31
31
33
